%File written on Fri Aug 22 03:19:12 2014

kt	0.00000 0.00000 0.00000 0.00000 0.00000 0.00000 0.00000 0.00000 0.00000 0.00000 0.00000 0.00000 0.00000 4.51545 0.00000 0.00000 -6.70173 0.00000 0.00000 0.00000 0.00000 0.00000 0.00000 0.00000 0.00000
kvp	0.00000 0.00000 0.00000 0.00000 0.00000 0.00000 0.00000 0.00000 0.00000 0.00000 0.00000 0.00000 0.00000 4.29880 0.00000 0.00000 -2.24260 0.00000 0.00000 0.00000 0.00000 0.00000 0.00000 0.00000 0.00000
kvn	0.00000 0.00000 0.00000 0.00000 0.00000 0.00000 0.00000 0.00000 0.00000 0.00000 0.00000 0.00000 0.00000 4.22136 0.00000 0.00000 -4.36573 0.00000 0.00000 0.00000 0.00000 0.00000 0.00000 0.00000 0.00000
kcp	0.00000 0.00000 0.00000 0.00000 0.00000 0.00000 0.00000 0.00000 0.00000 0.00000 0.00000 0.00000 0.00000 3.88151 0.00000 0.00000 -10.8576 0.00000 0.00000 0.00000 0.00000 0.00000 0.00000 0.00000 0.00000
kcn	0.00000 0.00000 0.00000 0.00000 0.00000 0.00000 0.00000 0.00000 0.00000 0.00000 0.00000 0.00000 0.00000 11.5720 0.00000 0.00000 6.01573 0.00000 0.00000 0.00000 0.00000 0.00000 0.00000 0.00000 0.00000

%File written on Fri Aug 22 03:30:27 2014

kt	0.00000 0.00000 0.00000 0.00000 0.00000 0.00000 0.00000 0.00000 0.00000 0.00000 0.00000 0.00000 0.00000 0.00000 0.00000 0.00000 -6.23071 0.00000 0.00000 0.00000 0.00000 0.00000 0.00000 0.00000 0.00000
kvp	0.00000 0.00000 0.00000 0.00000 0.00000 0.00000 0.00000 0.00000 0.00000 0.00000 0.00000 0.00000 0.00000 0.00000 0.00000 0.00000 -2.68147 0.00000 0.00000 0.00000 0.00000 0.00000 0.00000 0.00000 0.00000
kvn	0.00000 0.00000 0.00000 0.00000 0.00000 0.00000 0.00000 0.00000 0.00000 0.00000 0.00000 0.00000 0.00000 0.00000 0.00000 0.00000 -2.74345 0.00000 0.00000 0.00000 0.00000 0.00000 0.00000 0.00000 0.00000
kcp	0.00000 0.00000 0.00000 0.00000 0.00000 0.00000 0.00000 0.00000 0.00000 0.00000 0.00000 0.00000 0.00000 0.00000 0.00000 0.00000 -25.4819 0.00000 0.00000 0.00000 0.00000 0.00000 0.00000 0.00000 0.00000
kcn	0.00000 0.00000 0.00000 0.00000 0.00000 0.00000 0.00000 0.00000 0.00000 0.00000 0.00000 0.00000 0.00000 0.00000 0.00000 0.00000 5.33112 0.00000 0.00000 0.00000 0.00000 0.00000 0.00000 0.00000 0.00000

