0 1 -0.004249	-0.120637  0.0 -0.26 0.0 -0.7 0.0 -0.7 3.14  63.946830	 3.023952	-9.790088 -81.600417	 42.447703	 60.620847	 60.797187	-77.184984 -60.248393	 89.690641	 28.105787	 53.759735	-79.868670  78.376649	 34.423031	 48.481988	-12.478529	-18.851086	-7.185363  0.000000	 0.000000	 0.000000	 0.000000	 0.000000	 0.000000
10 1 -0.010020	-0.000973  0.0 -0.26 0.0 -0.7 0.0 -0.7 3.14  56.750166	 4.863620	-46.766356 -35.537385	 57.467804	-2.190476	 30.022830	-22.041598 -12.619072	 77.200961	 45.809743	 40.360402	-75.486915  14.953205	 24.351965	 13.235377	-38.096456	-8.060643	 10.804860  0.000000	 0.000000	 0.000000	 0.000000	 0.000000	 0.000000
20 1 -0.007775	-0.002598  0.0 -0.26 0.0 -0.7 0.0 -0.7 3.14  69.300584	-4.080269	-23.020704 -63.915214	 65.018937	 25.451273	 44.352659	-12.117679 -93.577949	 74.115425	 8.339423	 71.950428	 32.343464  51.909283	 26.749630	-76.425945	-41.846761	 0.788097	-4.806564  0.000000	 0.000000	 0.000000	 0.000000	 0.000000	 0.000000
30 1 -0.008394	-0.060042  0.0 -0.26 0.0 -0.7 0.0 -0.7 3.14  43.819968	 25.120598	-19.325696 -39.490446	 68.952909	-1.237494	 93.801015	-24.105449 -16.438371	 58.787544	-21.205125	 92.674321	 37.423096  28.782200	 82.679680	-7.086593	-43.544567	-11.646329	-6.751062  0.000000	 0.000000	 0.000000	 0.000000	 0.000000	 0.000000
40 1  0.096971	-0.141550  0.0 -0.26 0.0 -0.7 0.0 -0.7 3.14  35.532533	 0.781247	-27.097454 -33.073722	 38.264749	 6.063034	 51.814314	 63.859169 -83.257260	 55.138038	-10.622009	 102.698837	 14.238451  25.384992	 53.710609	 2.295013	-5.721704	-5.750875	-14.969459  0.000000	 0.000000	 0.000000	 0.000000	 0.000000	 0.000000
50 1  0.007213	-0.105190  0.0 -0.26 0.0 -0.7 0.0 -0.7 3.14  34.845282	 4.359582	-5.859804 -17.512648	 68.679111	 4.808522	 80.525820	 20.537306 -70.844623	 94.860170	 26.893103	 43.471369	 81.386954  78.668667	 30.267839	 6.672405	-29.720812	-8.293980	-2.397749  0.000000	 0.000000	 0.000000	 0.000000	 0.000000	 0.000000
60 1  0.060233	-0.133783  0.0 -0.26 0.0 -0.7 0.0 -0.7 3.14 -4.064675	 14.983784	-43.762220 -42.933191	 91.179364	 55.413196	 54.238207	 37.229917 -29.219184	 61.289783	 8.483187	 49.774484	 51.699464  70.955221	 83.345127	 23.200116	-13.288961	-8.007878	-17.792894  0.000000	 0.000000	 0.000000	 0.000000	 0.000000	 0.000000
70 1  0.049180	-0.139675  0.0 -0.26 0.0 -0.7 0.0 -0.7 3.14  27.151462	 5.887543	-23.054416 -73.246266	 28.688061	 35.684019	 80.127435	-7.326897 -35.216499	 31.555824	 23.775714	 27.469964	-26.243465  82.907504	 34.808958	 8.557585	-1.057802	-3.418052	-9.958858  0.000000	 0.000000	 0.000000	 0.000000	 0.000000	 0.000000
80 1  0.041910	-0.136951  0.0 -0.26 0.0 -0.7 0.0 -0.7 3.14  7.983784	-2.576109	-45.592901 -3.314162	 48.996254	 59.722966	 50.298008	-16.073341 -78.162043	 85.601568	-24.641815	 56.509374	 70.477836 -11.550039	 3.148937	-78.030783	-34.671300	-16.562758	-19.223189  0.000000	 0.000000	 0.000000	 0.000000	 0.000000	 0.000000
90 1  0.077109	-0.041096  0.0 -0.26 0.0 -0.7 0.0 -0.7 3.14  2.612558	-13.890082	-31.786611 -67.370416	 69.360753	 73.596515	 41.418415	 45.829530 -34.085360	 71.668934	-25.076180	 97.197608	 7.554375  62.657532	 32.107841	 52.253956	-2.016919	-12.873920	 7.055155  0.000000	 0.000000	 0.000000	 0.000000	 0.000000	 0.000000
100 1  0.018679	-0.004922  0.0 -0.26 0.0 -0.7 0.0 -0.7 3.14  37.422470	 19.038025	-9.120810 -44.426137	 50.591644	-31.371642	 50.725193	-45.542226 -51.547035	 50.433372	 13.585260	 47.048789	 2.732615  61.060901	 31.873164	-76.312183	-30.477346	-5.830094	-6.729246  0.000000	 0.000000	 0.000000	 0.000000	 0.000000	 0.000000
110 1  0.013287	-0.209615  0.0 -0.26 0.0 -0.7 0.0 -0.7 3.14 -12.818144	-2.011535	 10.151517 -42.779657	 63.152598	 35.915450	 38.772694	-27.908458 -81.399687	 61.124855	-10.638544	 35.922725	 78.806581  84.361144	 48.641409	 31.430954	-21.385414	-9.652903	-20.165431  0.000000	 0.000000	 0.000000	 0.000000	 0.000000	 0.000000
120 1  0.055807	-0.039229  0.0 -0.26 0.0 -0.7 0.0 -0.7 3.14 -15.929030	 22.291962	-36.502665 -16.921492	 55.269502	 5.148405	 23.006105	 40.348230 -77.303178	 64.217807	-28.838229	 100.110364	 35.170961  79.036647	 23.235753	-71.165483	-21.327640	-14.606826	-11.654178  0.000000	 0.000000	 0.000000	 0.000000	 0.000000	 0.000000
130 1  0.060791	-0.028973  0.0 -0.26 0.0 -0.7 0.0 -0.7 3.14  65.923598	 11.685683	-47.675844 -54.147572	 87.704427	 65.579292	 67.937264	-66.645778  7.429319	 98.444393	 60.216482	 73.649563	-8.917124  8.409286	 0.071955	-7.677352	-37.468381	-13.570603	 0.039505  0.000000	 0.000000	 0.000000	 0.000000	 0.000000	 0.000000
140 1  0.032389	-0.044621  0.0 -0.26 0.0 -0.7 0.0 -0.7 3.14  22.482681	 3.468978	-38.671400 -48.315051	 55.311951	-32.352562	 80.630621	-35.448738 -21.695647	 66.328431	 16.193542	 64.087168	 25.749116  83.996365	 51.327240	-13.339467	-15.927477	-2.958271	 1.336403  0.000000	 0.000000	 0.000000	 0.000000	 0.000000	 0.000000
150 1  0.034468	-0.015120  0.0 -0.26 0.0 -0.7 0.0 -0.7 3.14  28.914296	-7.655287	-6.556383 -40.669322	 67.104026	 19.389932	 16.650310	-26.225592 -29.932012	 52.594313	 58.052159	 77.081257	-83.737679  84.493089	 20.779831	-47.214991	-43.835373	-12.423881	 2.339336  0.000000	 0.000000	 0.000000	 0.000000	 0.000000	 0.000000
160 1 -0.014820	-0.152300  0.0 -0.26 0.0 -0.7 0.0 -0.7 3.14  21.152755	-15.614658	-9.322450 -5.108141	 90.754983	 68.841360	 86.063540	-19.483973 -84.053650	 90.814373	 0.958368	 82.418122	-0.123166  54.917110	 14.580896	 19.858665	-0.871343	 7.527424	-7.199650  0.000000	 0.000000	 0.000000	 0.000000	 0.000000	 0.000000
170 1  0.021506	-0.155739  0.0 -0.26 0.0 -0.7 0.0 -0.7 3.14 -18.412355	 1.836612	-18.135345 -76.841530	 29.487884	 78.683918	 37.715889	 33.170826 -36.552675	 48.081966	 31.226080	 38.548911	 22.551103  19.465934	 16.735321	-37.184157	-31.570499	-15.604718	-18.413279  0.000000	 0.000000	 0.000000	 0.000000	 0.000000	 0.000000
180 1  0.028592	-0.032757  0.0 -0.26 0.0 -0.7 0.0 -0.7 3.14  53.318515	 0.192806	-7.056209 -80.951840	 25.613256	 59.460600	 45.361077	 78.205010 -5.936489	 47.786083	 58.150420	 35.423214	 12.551371  67.709374	 0.387979	-67.249479	-20.553861	 2.546447	-6.119064  0.000000	 0.000000	 0.000000	 0.000000	 0.000000	 0.000000
190 1 -0.008866	-0.006666  0.0 -0.26 0.0 -0.7 0.0 -0.7 3.14  57.691227	-4.096126	-6.659066 -21.285011	 95.362106	-20.129437	 22.334991	 78.081501 -46.785462	 74.082760	-13.508888	 37.895521	-41.831677  5.582877	 31.441535	-8.102750	-43.732627	-9.434180	 5.869911  0.000000	 0.000000	 0.000000	 0.000000	 0.000000	 0.000000
200 1 -0.000243	-0.147742  0.0 -0.26 0.0 -0.7 0.0 -0.7 3.14  56.388584	 2.408603	-29.389371 -18.151885	 63.385086	 68.881738	 104.005151	 10.422511 -7.847895	 97.894293	 21.569327	 74.398027	 80.009307 -18.862475	 11.584981	 48.124859	-25.857986	-12.057505	-7.750087  0.000000	 0.000000	 0.000000	 0.000000	 0.000000	 0.000000
210 1  0.007864	-0.046587  0.0 -0.26 0.0 -0.7 0.0 -0.7 3.14  61.213111	 6.545623	-34.504585  5.821637	 69.491109	 32.988334	 90.353991	 14.798989 -72.827350	 30.655419	-27.947140	 36.937670	-31.097075  23.389997	 12.781178	-42.199695	-8.678567	 10.771593	-9.474594  0.000000	 0.000000	 0.000000	 0.000000	 0.000000	 0.000000
220 1 -0.005276	-0.105429  0.0 -0.26 0.0 -0.7 0.0 -0.7 3.14  27.016353	 12.561393	-46.515290 -72.512976	 60.505849	 32.855521	 76.442445	-89.148322  0.475861	 80.905441	 70.307638	 90.204405	 26.427722 -26.887966	 16.957091	 48.912097	-21.602671	-11.001570	-9.645243  0.000000	 0.000000	 0.000000	 0.000000	 0.000000	 0.000000
230 1  0.040838	-0.102775  0.0 -0.26 0.0 -0.7 0.0 -0.7 3.14  29.776348	 12.743283	-4.507980 -46.961338	 79.258394	 32.928590	 45.858096	-5.927295 -48.102751	 75.993570	-36.023859	 41.509293	-83.685357  46.093926	 81.075579	 76.502439	-0.417951	-6.467759	-3.886772  0.000000	 0.000000	 0.000000	 0.000000	 0.000000	 0.000000
240 1 -0.010877	-0.174278  0.0 -0.26 0.0 -0.7 0.0 -0.7 3.14  18.389931	-8.819902	 8.866350 -24.469655	 32.602079	-19.219605	 63.079802	 59.754264 -93.697528	 25.255121	 31.283500	 26.212733	-18.853136  60.531054	 27.671690	 1.711328	-52.471123	-16.607076	-15.052400  0.000000	 0.000000	 0.000000	 0.000000	 0.000000	 0.000000
250 1 -0.011333	-0.150325  0.0 -0.26 0.0 -0.7 0.0 -0.7 3.14  24.140299	-19.791699	-13.877869 -34.215963	 30.098177	 28.499519	 31.619940	 5.431407 -39.582185	 55.972764	 64.714297	 95.199518	 26.021058  62.586017	 22.482166	 58.811124	-14.219252	-13.455848	-9.826819  0.000000	 0.000000	 0.000000	 0.000000	 0.000000	 0.000000
260 1 -0.015631	-0.085453  0.0 -0.26 0.0 -0.7 0.0 -0.7 3.14  60.473738	 1.128479	 8.946562 -67.351972	 66.666169	 61.659383	 33.199753	-67.557544 -56.933127	 51.736854	-5.787679	 33.462014	 21.393677  15.945484	 83.455393	 15.872751	-10.661832	 5.977391	-2.907644  0.000000	 0.000000	 0.000000	 0.000000	 0.000000	 0.000000
270 1  0.015601	-0.129997  0.0 -0.26 0.0 -0.7 0.0 -0.7 3.14  34.102573	 2.977130	-48.033922 -36.582915	 95.478974	 15.779657	 37.784578	 36.012690 -90.848340	 64.985234	-27.047494	 31.090003	-75.137259  77.950704	 53.356816	 7.227345	-12.516131	-1.180549	-7.693184  0.000000	 0.000000	 0.000000	 0.000000	 0.000000	 0.000000
280 1 -0.000382	-0.202238  0.0 -0.26 0.0 -0.7 0.0 -0.7 3.14  69.638577	 1.181997	-22.875014 -60.517570	 44.603014	 8.684579	 27.012439	-69.955490 -53.207601	 91.305983	 21.665270	 33.788149	-38.994770  48.094671	 45.727174	 16.360225	-1.401583	 2.882257	-15.433108  0.000000	 0.000000	 0.000000	 0.000000	 0.000000	 0.000000
290 1 -0.004983	-0.075636  0.0 -0.26 0.0 -0.7 0.0 -0.7 3.14  50.912985	 23.858566	-17.516408 -79.315907	 77.649431	-25.183155	 16.841201	 9.892899  7.181647	 31.609067	 64.388006	 36.136586	 13.138113  79.061723	 81.388154	-23.043838	-13.514558	 0.236875	-3.883283  0.000000	 0.000000	 0.000000	 0.000000	 0.000000	 0.000000
300 1  0.031523	-0.002375  0.0 -0.26 0.0 -0.7 0.0 -0.7 3.14  2.541644	-14.515443	-25.588192 -0.304412	 93.241634	 56.101743	 78.095172	 17.640911 -63.519548	 52.336290	 66.182545	 85.002883	 14.675616  48.598726	 35.878796	 59.846016	-23.844112	-19.391273	 9.977050  0.000000	 0.000000	 0.000000	 0.000000	 0.000000	 0.000000
310 1  0.030046	-0.201212  0.0 -0.26 0.0 -0.7 0.0 -0.7 3.14  47.855744	-0.570908	-40.073742 -74.106803	 61.949027	-29.215622	 59.318155	 27.589025 -27.678758	 92.217735	 79.457116	 71.164277	 1.809305  24.938962	 61.963560	 58.707528	-11.100773	-9.063014	-16.934893  0.000000	 0.000000	 0.000000	 0.000000	 0.000000	 0.000000
320 1  0.002010	-0.061108  0.0 -0.26 0.0 -0.7 0.0 -0.7 3.14  12.472886	 5.605938	-40.995670 -85.933493	 25.988655	 13.439089	 36.031879	 78.930463 -81.355684	 58.005734	-19.804155	 32.888722	-23.657505  15.363613	 30.780285	-47.634295	-13.978511	-0.308017	-12.376473  0.000000	 0.000000	 0.000000	 0.000000	 0.000000	 0.000000
330 1  0.054330	-0.035515  0.0 -0.26 0.0 -0.7 0.0 -0.7 3.14  22.227878	 10.566009	-48.245101 -29.981364	 63.556735	 63.035722	 69.670530	 32.658804  0.916601	 63.838782	 40.229621	 21.559635	 44.371316  29.728506	 76.606462	 0.111301	-28.650744	-15.756652	-4.611458  0.000000	 0.000000	 0.000000	 0.000000	 0.000000	 0.000000
340 1  0.016168	-0.038927  0.0 -0.26 0.0 -0.7 0.0 -0.7 3.14  9.275668	-22.420472	-25.727352 -21.908377	 77.008585	-34.613590	 58.899337	-50.577964  2.745080	 85.886472	-30.653155	 93.855010	 67.775283  44.498978	 25.453613	-78.857035	-39.386532	-13.835600	-11.660016  0.000000	 0.000000	 0.000000	 0.000000	 0.000000	 0.000000
350 1  0.055988	-0.075273  0.0 -0.26 0.0 -0.7 0.0 -0.7 3.14  34.461497	 2.036121	 10.992417 -10.907074	 92.464967	 74.704998	 37.619065	 73.977567 -58.167145	 30.002943	 54.437544	 90.440774	-12.287221  3.592841	 0.597932	 28.513714	-2.386827	-3.500320	 1.135151  0.000000	 0.000000	 0.000000	 0.000000	 0.000000	 0.000000
360 1  0.079073	-0.076918  0.0 -0.26 0.0 -0.7 0.0 -0.7 3.14  50.112023	 5.701269	-24.768301 -7.186619	 91.548665	 19.931790	 84.951959	-3.706711 -39.844507	 91.166010	 22.792801	 44.264173	-69.405411  89.245533	 78.982664	-21.592382	-6.433634	-7.128984	 0.776958  0.000000	 0.000000	 0.000000	 0.000000	 0.000000	 0.000000
370 1  0.089447	-0.152564  0.0 -0.26 0.0 -0.7 0.0 -0.7 3.14  11.381992	 4.426052	-23.630022 -89.242449	 62.192419	 0.159320	 41.780601	-20.938361  7.519137	 85.775242	-33.620271	 34.629408	-58.893690  85.010826	 22.708744	-14.710566	-33.985211	-18.990813	-17.881838  0.000000	 0.000000	 0.000000	 0.000000	 0.000000	 0.000000
380 1 -0.013056	-0.112730  0.0 -0.26 0.0 -0.7 0.0 -0.7 3.14  50.974954	-19.788872	-2.727312 -89.924722	 36.983657	-34.125391	 65.859959	-11.119948 -88.474134	 41.392077	 45.368492	 22.825761	 39.522195  29.061787	 1.582336	 23.168876	-30.477890	-4.170610	 1.278376  0.000000	 0.000000	 0.000000	 0.000000	 0.000000	 0.000000
390 1  0.067228	-0.040889  0.0 -0.26 0.0 -0.7 0.0 -0.7 3.14  48.330904	 9.837729	-17.037959 -4.089236	 82.638253	-8.164813	 15.366411	-74.029939 -88.539883	 26.027067	 46.288905	 84.208095	-66.842975  60.381229	 53.995056	 10.956150	-15.775017	-11.691420	 6.307885  0.000000	 0.000000	 0.000000	 0.000000	 0.000000	 0.000000
400 1 -0.010428	-0.037320  0.0 -0.26 0.0 -0.7 0.0 -0.7 3.14  29.020414	-7.426782	-2.863116 -85.701081	 51.462783	-16.223875	 70.604620	 68.641507 -6.166883	 48.631838	-20.453390	 19.544323	 64.205576  68.183024	 11.174216	 39.736899	-24.187569	-10.995002	 11.259122  0.000000	 0.000000	 0.000000	 0.000000	 0.000000	 0.000000
410 1  0.039598	-0.179149  0.0 -0.26 0.0 -0.7 0.0 -0.7 3.14  15.050078	-1.014503	-3.557216 -58.290236	 48.327602	-6.294705	 82.082106	-57.466776 -73.481602	 77.199158	 16.566138	 33.729226	 5.783971  25.229208	 58.201952	 65.406224	-13.414003	-10.622290	-15.904216  0.000000	 0.000000	 0.000000	 0.000000	 0.000000	 0.000000
420 1  0.078458	-0.147932  0.0 -0.26 0.0 -0.7 0.0 -0.7 3.14  7.307890	-18.981442	-20.748968 -17.458605	 97.159008	 9.492856	 38.821765	 14.400016 -57.954387	 49.222830	 70.536053	 20.705591	 87.689437  88.982850	 59.903686	-40.620464	-0.320559	 1.591833	-19.270988  0.000000	 0.000000	 0.000000	 0.000000	 0.000000	 0.000000
430 1  0.081714	-0.150990  0.0 -0.26 0.0 -0.7 0.0 -0.7 3.14  31.658281	-20.801392	-16.449891 -71.968035	 89.563249	-8.607205	 15.084012	-69.340230 -68.666232	 54.341456	-30.384779	 56.417101	 62.589747  19.284419	 77.391229	-12.449004	-11.087007	-7.801837	-21.385200  0.000000	 0.000000	 0.000000	 0.000000	 0.000000	 0.000000
440 1  0.031906	-0.008100  0.0 -0.26 0.0 -0.7 0.0 -0.7 3.14  37.208608	-1.396131	-28.143458 -82.066267	 47.482942	-20.089956	 62.614229	-29.092323 -72.107438	 46.379824	-32.278529	 64.191749	 28.382422  74.173772	 47.806841	 41.110457	-15.097027	-15.296258	 15.078331  0.000000	 0.000000	 0.000000	 0.000000	 0.000000	 0.000000
450 1  0.007979	-0.183343  0.0 -0.26 0.0 -0.7 0.0 -0.7 3.14  51.055896	-18.866255	-8.699016 -43.772769	 41.029172	 14.699265	 48.728083	 13.236604 -58.189973	 37.717072	-14.711107	 50.928289	 15.811810  64.499374	 45.388849	 17.096922	-32.339226	-17.757605	-10.438796  0.000000	 0.000000	 0.000000	 0.000000	 0.000000	 0.000000
460 1  0.064246	-0.011148  0.0 -0.26 0.0 -0.7 0.0 -0.7 3.14  26.131971	 25.511944	-23.969610 -8.455492	 67.470956	 59.312261	 70.899803	-77.284851 -93.710602	 53.590908	 57.422516	 25.209585	 23.752915  77.165113	 47.224489	 19.471547	-9.576864	-11.460425	 8.626505  0.000000	 0.000000	 0.000000	 0.000000	 0.000000	 0.000000
470 1  0.022084	-0.021950  0.0 -0.26 0.0 -0.7 0.0 -0.7 3.14  19.373346	 20.012581	-34.433758 -53.040680	 78.780241	 33.009118	 48.398956	 39.686405 -81.145497	 84.775719	-26.427170	 57.971046	-26.645268  29.105697	 7.108346	-1.939358	-17.511602	-3.004717	 0.987414  0.000000	 0.000000	 0.000000	 0.000000	 0.000000	 0.000000
480 1  0.083154	-0.093441  0.0 -0.26 0.0 -0.7 0.0 -0.7 3.14 -10.215981	-7.053980	 5.654577 -40.514096	 32.609337	 0.002328	 92.166614	-50.185336 -36.817060	 46.388350	-35.080467	 28.684255	-44.165196  59.539498	 21.799737	-76.956819	-30.247650	-17.670989	-17.958449  0.000000	 0.000000	 0.000000	 0.000000	 0.000000	 0.000000
490 1  0.040009	-0.044609  0.0 -0.26 0.0 -0.7 0.0 -0.7 3.14  13.281005	 12.982725	-41.700029 -48.696054	 50.918308	-3.398375	 73.848439	-61.272496 -66.978544	 65.964705	 72.582963	 56.236071	 33.990444  22.910458	 70.849205	 27.165013	-15.057592	-5.696639	-4.916572  0.000000	 0.000000	 0.000000	 0.000000	 0.000000	 0.000000
500 1  0.075762	-0.112324  0.0 -0.26 0.0 -0.7 0.0 -0.7 3.14  41.799144	 15.172166	-32.721964 -21.440295	 66.459639	 0.865872	 74.672276	-13.566330 -10.877882	 81.892594	-4.679937	 78.783542	 75.060790  84.031267	 46.976145	-1.845505	-9.277532	-11.309478	-6.484012  0.000000	 0.000000	 0.000000	 0.000000	 0.000000	 0.000000
510 1  0.003842	-0.150340  0.0 -0.26 0.0 -0.7 0.0 -0.7 3.14  29.126220	-13.046364	-48.222651 -58.603262	 81.641891	 62.053943	 60.666754	-68.101865 -87.816919	 35.880315	 34.329773	 91.858370	-37.186276  88.501090	 18.512849	-32.442457	-14.695626	 8.184198	-19.301483  0.000000	 0.000000	 0.000000	 0.000000	 0.000000	 0.000000
520 1  0.041149	-0.165060  0.0 -0.26 0.0 -0.7 0.0 -0.7 3.14  0.384938	-0.046618	-23.230085 -29.668167	 90.948566	-5.989033	 53.956608	-38.170851 -63.247257	 27.450966	-11.449727	 28.861857	 31.020364  13.036373	 37.157411	 42.815228	-3.804885	-4.810002	-18.888270  0.000000	 0.000000	 0.000000	 0.000000	 0.000000	 0.000000
530 1  0.036462	-0.062268  0.0 -0.26 0.0 -0.7 0.0 -0.7 3.14  27.316465	-8.413638	-25.947716 -80.550552	 57.844185	-26.854423	 70.817184	 71.398070 -64.657724	 55.699128	 3.123546	 84.403355	-54.079426  13.579250	 37.430612	 19.960560	-15.322624	-6.225575	-0.545515  0.000000	 0.000000	 0.000000	 0.000000	 0.000000	 0.000000
540 1 -0.011818	-0.070174  0.0 -0.26 0.0 -0.7 0.0 -0.7 3.14  10.144099	 18.056860	-43.762813 -12.062514	 73.538845	 69.713907	 27.985747	-8.784208 -22.669181	 69.517981	-14.580806	 32.796923	 41.873598 -12.613306	 78.720198	-0.132863	-6.396207	 0.957222	-16.094381  0.000000	 0.000000	 0.000000	 0.000000	 0.000000	 0.000000
550 1  0.081861	-0.146723  0.0 -0.26 0.0 -0.7 0.0 -0.7 3.14  51.900709	 20.512536	-35.520046 -61.750460	 97.821615	 49.958423	 84.317326	-30.678241 -39.004637	 39.389592	 61.570531	 57.608502	-36.846744  75.647266	 57.925164	 21.947320	-8.039262	-18.078493	-13.127483  0.000000	 0.000000	 0.000000	 0.000000	 0.000000	 0.000000
560 1  0.030711	-0.078017  0.0 -0.26 0.0 -0.7 0.0 -0.7 3.14  28.297395	 4.620844	 6.427074 -5.763655	 50.279026	 6.920555	 81.059052	 76.797495 -28.846463	 94.895121	 31.709428	 91.974342	-66.997362  49.977876	 3.819227	 9.573634	-40.393646	-15.453324	-0.129775  0.000000	 0.000000	 0.000000	 0.000000	 0.000000	 0.000000
570 1  0.099936	-0.021451  0.0 -0.26 0.0 -0.7 0.0 -0.7 3.14  47.338338	 13.046614	 1.746203 -83.838979	 29.358415	 59.974808	 84.292959	-52.426589 -28.356859	 60.009533	 35.559735	 70.540588	-34.156077  19.969199	 12.006854	-25.597774	-8.145541	-2.977556	-0.410928  0.000000	 0.000000	 0.000000	 0.000000	 0.000000	 0.000000
580 1  0.034452	-0.023646  0.0 -0.26 0.0 -0.7 0.0 -0.7 3.14 -8.900770	 15.195901	-26.839512 -37.450513	 94.631957	 44.513147	 87.525169	 13.293069  2.754177	 78.991401	-23.172712	 77.236319	-40.044908  47.373898	 17.079850	 7.709234	-29.062718	-15.136063	 1.372667  0.000000	 0.000000	 0.000000	 0.000000	 0.000000	 0.000000
590 1  0.011986	-0.174806  0.0 -0.26 0.0 -0.7 0.0 -0.7 3.14  40.862008	 9.441752	-12.986986 -6.002669	 69.108669	 14.878406	 35.516379	-47.002707 -74.891621	 72.634582	-10.531814	 86.644602	-84.658332  12.441524	 20.723674	 39.825021	-2.045875	 2.315207	-14.414039  0.000000	 0.000000	 0.000000	 0.000000	 0.000000	 0.000000
600 1 -0.015964	-0.128561  0.0 -0.26 0.0 -0.7 0.0 -0.7 3.14  48.951245	 21.799816	-29.242877 -52.720811	 83.556525	-1.411409	 26.891928	-79.793530  5.728014	 81.208846	 67.511142	 97.668166	 10.380495  73.639642	 14.157681	 31.524338	-51.700569	-17.201006	-16.483770  0.000000	 0.000000	 0.000000	 0.000000	 0.000000	 0.000000
610 1  0.057516	-0.116556  0.0 -0.26 0.0 -0.7 0.0 -0.7 3.14  58.950225	-18.271425	-42.054453 -18.926746	 69.700339	 20.806605	 63.089454	-27.509113 -61.657493	 54.886244	 7.464233	 85.342606	-70.211462  27.822842	 38.148936	 66.385289	-1.759499	-16.373445	-1.303614  0.000000	 0.000000	 0.000000	 0.000000	 0.000000	 0.000000
620 1  0.070900	-0.164446  0.0 -0.26 0.0 -0.7 0.0 -0.7 3.14  39.000915	-14.119532	 4.875082 -31.937497	 33.072031	 19.142222	 74.441974	 80.618824 -63.975357	 51.333289	 9.856943	 82.811821	 23.010780  7.386766	 3.543315	-30.250489	-14.746875	-1.303827	-18.941119  0.000000	 0.000000	 0.000000	 0.000000	 0.000000	 0.000000
630 1  0.060966	-0.069181  0.0 -0.26 0.0 -0.7 0.0 -0.7 3.14  34.701503	 8.658285	-1.756044 -83.991650	 83.381909	-19.723205	 24.358851	 65.403489 -75.657674	 67.559791	 63.955517	 38.339378	 50.423887  1.945368	 56.677503	 6.622425	-22.718355	-11.712211	-8.491487  0.000000	 0.000000	 0.000000	 0.000000	 0.000000	 0.000000
640 1 -0.003693	-0.067160  0.0 -0.26 0.0 -0.7 0.0 -0.7 3.14  14.715823	 16.543058	-24.144139 -37.745687	 52.224775	-19.041489	 44.007458	 60.449192 -12.816324	 44.513496	 26.952283	 105.712088	-31.295035 -4.564368	 45.122960	 47.509281	-38.752134	-17.835357	-6.836404  0.000000	 0.000000	 0.000000	 0.000000	 0.000000	 0.000000
650 1  0.033713	-0.015081  0.0 -0.26 0.0 -0.7 0.0 -0.7 3.14  67.740416	-9.354833	-47.919610 -59.835410	 96.249632	-0.106006	 74.655914	-30.157899 -92.602826	 30.166345	 41.503856	 35.136304	-20.723533  18.008167	 73.225171	 31.733319	-31.722136	-14.806322	 10.755444  0.000000	 0.000000	 0.000000	 0.000000	 0.000000	 0.000000
660 1  0.047225	-0.077584  0.0 -0.26 0.0 -0.7 0.0 -0.7 3.14  47.669992	-7.292487	-3.258137 -73.780043	 51.691074	-30.144605	 99.477328	-8.461027 -12.473450	 43.816511	 24.590256	 52.482307	-45.082503  44.756138	 14.156856	-75.648346	-22.059362	-2.013436	-19.446989  0.000000	 0.000000	 0.000000	 0.000000	 0.000000	 0.000000
670 1  0.002527	-0.084234  0.0 -0.26 0.0 -0.7 0.0 -0.7 3.14 -1.923439	-9.363072	 8.080850 -88.950282	 53.253930	 48.240238	 63.720459	 89.266393 -45.615179	 78.951574	 48.293244	 16.897519	-74.055909  60.472695	 79.912972	 22.399258	-19.383726	-4.418206	-7.632345  0.000000	 0.000000	 0.000000	 0.000000	 0.000000	 0.000000
680 1  0.089441	-0.033956  0.0 -0.26 0.0 -0.7 0.0 -0.7 3.14  51.672503	-16.361561	-14.353386 -84.977530	 66.058237	 26.408303	 32.901561	 73.554085  5.434977	 76.119206	-17.259728	 72.104832	-26.308746  80.758676	 3.286090	 3.584083	-7.921894	-17.207832	 12.613750  0.000000	 0.000000	 0.000000	 0.000000	 0.000000	 0.000000
690 1 -0.001282	-0.091597  0.0 -0.26 0.0 -0.7 0.0 -0.7 3.14  23.203551	-6.310341	-10.514939 -78.920619	 73.590202	 22.296359	 51.753289	-49.122767 -67.518524	 38.527376	-2.123031	 60.849771	-6.723144  29.941843	 42.619835	 34.083034	-40.475646	-17.409515	-2.112805  0.000000	 0.000000	 0.000000	 0.000000	 0.000000	 0.000000
700 1  0.052263	-0.082095  0.0 -0.26 0.0 -0.7 0.0 -0.7 3.14  35.950210	 15.210580	-38.107403 -82.602169	 59.419296	 37.606077	 18.274530	-7.977913 -76.922410	 69.188848	 48.502041	 52.277389	 43.698080  45.225219	 31.147158	 12.983850	-10.035237	-3.435461	-4.118265  0.000000	 0.000000	 0.000000	 0.000000	 0.000000	 0.000000
710 1  0.030926	-0.083084  0.0 -0.26 0.0 -0.7 0.0 -0.7 3.14  34.310972	 15.710461	-32.283751 -73.714654	 89.425059	 34.065456	 17.654803	-5.376890 -12.696904	 88.952376	-18.571134	 98.976249	-18.934421  55.264981	 16.423996	-8.738506	-39.670435	-12.549537	-8.850436  0.000000	 0.000000	 0.000000	 0.000000	 0.000000	 0.000000
720 1  0.028790	-0.015526  0.0 -0.26 0.0 -0.7 0.0 -0.7 3.14 -21.853731	 7.037076	-44.768700 -42.333452	 98.657227	-11.536214	 76.018945	 13.470453 -31.085042	 95.537632	-31.846155	 19.936790	 21.890597 -29.113053	 1.465761	-24.740634	-16.927824	-17.829768	 8.295746  0.000000	 0.000000	 0.000000	 0.000000	 0.000000	 0.000000
730 1  0.026530	-0.198036  0.0 -0.26 0.0 -0.7 0.0 -0.7 3.14 -16.961339	-16.832316	-34.022496 -48.255711	 65.804195	 4.286045	 61.165298	 9.384966 -18.105586	 91.476125	 12.958474	 74.382234	 58.375394  25.969608	 12.728764	-15.430881	-4.045994	-0.866316	-18.973692  0.000000	 0.000000	 0.000000	 0.000000	 0.000000	 0.000000
740 1 -0.007079	-0.093042  0.0 -0.26 0.0 -0.7 0.0 -0.7 3.14  40.891785	 9.915005	-26.287991 -7.212610	 81.180265	 26.121593	 48.894801	 86.333456 -7.769582	 85.930534	 25.813550	 63.395161	-25.130617  32.937288	 45.209274	-56.325478	-41.270528	-9.477250	-19.299161  0.000000	 0.000000	 0.000000	 0.000000	 0.000000	 0.000000
750 1  0.077937	-0.073839  0.0 -0.26 0.0 -0.7 0.0 -0.7 3.14  8.002757	-3.547017	 0.883195 -60.458198	 78.046059	 54.787190	 94.426525	 40.235993 -35.504772	 37.003570	 79.777704	 60.718789	 24.984920  14.002503	 53.576196	-24.225573	-6.178624	-7.684411	-11.577637  0.000000	 0.000000	 0.000000	 0.000000	 0.000000	 0.000000
760 1  0.015788	-0.013626  0.0 -0.26 0.0 -0.7 0.0 -0.7 3.14  9.607075	 15.601176	-30.961506 -39.311802	 37.300799	 76.984713	 21.072247	 10.289822 -28.341741	 80.752153	-2.098685	 35.699921	-36.739060  89.364298	 9.042966	 76.901190	-5.884717	-11.875687	 7.400724  0.000000	 0.000000	 0.000000	 0.000000	 0.000000	 0.000000
770 1  0.024779	-0.096985  0.0 -0.26 0.0 -0.7 0.0 -0.7 3.14  65.191063	-17.579165	 1.076305  5.324822	 35.568224	-32.583913	 30.424629	-15.964420 -6.225890	 39.493312	-26.833579	 50.750891	-62.623659  45.147345	 29.832975	-8.806437	-2.213736	 4.710209	 0.235485  0.000000	 0.000000	 0.000000	 0.000000	 0.000000	 0.000000
780 1  0.034401	-0.065060  0.0 -0.26 0.0 -0.7 0.0 -0.7 3.14 -7.584173	 14.550046	 2.499575 -5.789159	 73.111678	-0.391266	 74.938502	-10.708233 -9.908573	 64.230055	 3.783758	 40.668630	-29.669105 -18.802056	 40.153961	 15.768537	-6.121843	-9.398684	-8.779240  0.000000	 0.000000	 0.000000	 0.000000	 0.000000	 0.000000
790 1  0.003490	-0.083835  0.0 -0.26 0.0 -0.7 0.0 -0.7 3.14  27.861096	 7.076521	-47.688832 -3.797599	 46.452842	 18.910880	 83.815957	-33.476882 -17.820732	 38.287030	 76.221904	 34.662310	 22.095117  52.327395	 29.490347	 50.555988	-18.555321	-11.036558	-2.312051  0.000000	 0.000000	 0.000000	 0.000000	 0.000000	 0.000000
800 1  0.041208	-0.175140  0.0 -0.26 0.0 -0.7 0.0 -0.7 3.14  62.756719	-8.002685	-23.969992 -18.724223	 85.226175	 60.270907	 46.947907	 15.527233 -43.805178	 94.048954	 16.559324	 41.407148	 79.801458  38.301799	 54.017815	 9.647378	-26.630029	-12.273112	-11.327747  0.000000	 0.000000	 0.000000	 0.000000	 0.000000	 0.000000
810 1 -0.002864	-0.185373  0.0 -0.26 0.0 -0.7 0.0 -0.7 3.14  59.042573	 4.448579	-3.052411 -7.496684	 54.539304	 38.817372	 64.122146	 20.480101 -50.539669	 91.768427	 44.194819	 80.921305	-67.426060  28.194950	 64.544233	 69.249630	-17.559387	-14.257683	-14.313821  0.000000	 0.000000	 0.000000	 0.000000	 0.000000	 0.000000
820 1  0.047582	-0.092191  0.0 -0.26 0.0 -0.7 0.0 -0.7 3.14  55.634280	 24.880507	-9.362661 -49.663334	 31.425455	 29.235888	 47.977427	-49.168744 -77.938203	 51.080737	 75.835492	 61.718462	 7.028491 -15.185847	 76.210552	 19.030484	-23.550611	-8.053199	-9.851067  0.000000	 0.000000	 0.000000	 0.000000	 0.000000	 0.000000
830 1  0.026574	-0.111431  0.0 -0.26 0.0 -0.7 0.0 -0.7 3.14  47.545780	 17.598146	-6.317033 -55.255426	 94.135329	 10.546985	 87.130542	-71.675048 -37.748990	 46.928867	 52.057435	 82.535308	 66.370079  54.662843	 16.866781	 33.944210	-10.469664	-5.372945	-7.260170  0.000000	 0.000000	 0.000000	 0.000000	 0.000000	 0.000000
840 1  0.006296	-0.147191  0.0 -0.26 0.0 -0.7 0.0 -0.7 3.14  60.021720	 1.947684	-13.549850 -41.906628	 36.709963	 21.938652	 18.218820	 9.714493 -26.428723	 47.430875	 73.958926	 44.966854	-81.852181  59.043123	 71.549240	-40.372610	-5.507404	 8.216554	-14.386726  0.000000	 0.000000	 0.000000	 0.000000	 0.000000	 0.000000
850 1 -0.019828	-0.007373  0.0 -0.26 0.0 -0.7 0.0 -0.7 3.14  46.053719	 25.156147	-18.879600 -41.853002	 56.758333	-19.655889	 92.555548	-66.799547 -19.572280	 47.433519	-16.241894	 49.023687	 55.469809 -27.198586	 21.398202	 75.519188	-2.897314	 1.940743	 7.635518  0.000000	 0.000000	 0.000000	 0.000000	 0.000000	 0.000000
860 1 -0.017836	-0.070989  0.0 -0.26 0.0 -0.7 0.0 -0.7 3.14  62.526545	-0.317456	-24.213710 -30.042182	 94.606343	-11.099186	 47.449433	 23.368893  8.736936	 37.686222	 0.541429	 50.640126	-6.553075  5.818467	 24.529765	-40.165902	-52.226607	-11.006942	-11.913527  0.000000	 0.000000	 0.000000	 0.000000	 0.000000	 0.000000
870 1  0.041935	-0.085270  0.0 -0.26 0.0 -0.7 0.0 -0.7 3.14  0.324254	-17.349169	-37.008869 -64.170112	 46.607186	-13.264684	 77.197274	 20.931468 -95.093610	 48.330843	-22.891162	 101.480277	 13.178263  34.459930	 20.674861	-13.985800	-29.128362	-14.025186	-4.834914  0.000000	 0.000000	 0.000000	 0.000000	 0.000000	 0.000000
880 1  0.024681	-0.202234  0.0 -0.26 0.0 -0.7 0.0 -0.7 3.14  64.017023	-14.431234	-14.183073 -26.432124	 37.490603	 31.722993	 15.509833	 8.226085 -41.205319	 65.163367	-17.658467	 80.682362	 23.726305  36.292594	 24.338913	 62.211861	-6.797653	-17.681862	-18.611399  0.000000	 0.000000	 0.000000	 0.000000	 0.000000	 0.000000
890 1  0.070753	-0.072032  0.0 -0.26 0.0 -0.7 0.0 -0.7 3.14 -3.146056	 18.503571	-49.480348 -33.712515	 99.632564	 49.471045	 77.127674	-18.883970 -21.818032	 35.602962	-17.495536	 46.841859	 56.864527  40.748467	 66.821096	 71.891418	-0.508346	-5.864911	-6.356815  0.000000	 0.000000	 0.000000	 0.000000	 0.000000	 0.000000
900 1  0.000492	-0.018324  0.0 -0.26 0.0 -0.7 0.0 -0.7 3.14  58.623196	 19.607147	-39.721474 -34.929507	 27.729894	 63.421770	 87.739913	-71.676707 -48.222569	 52.829491	 49.981012	 23.211146	 3.964180  63.460395	 49.227490	-78.366114	-4.336281	 12.925770	-3.808939  0.000000	 0.000000	 0.000000	 0.000000	 0.000000	 0.000000
910 1 -0.015386	-0.079440  0.0 -0.26 0.0 -0.7 0.0 -0.7 3.14  46.162328	-1.182144	-40.935407 -12.034703	 89.362713	 28.149930	 39.948931	 38.089831 -31.590358	 68.307468	 41.276075	 82.775121	 32.296666  6.970117	 25.270609	 11.433503	-2.841534	 11.109859	-3.155558  0.000000	 0.000000	 0.000000	 0.000000	 0.000000	 0.000000
920 1  0.022897	-0.115581  0.0 -0.26 0.0 -0.7 0.0 -0.7 3.14  18.464039	 14.542435	-30.545616 -84.692796	 42.292307	 2.539891	 39.654412	 11.571191 -1.513228	 46.125894	 17.042812	 21.156972	-9.000744  89.953245	 28.709488	-0.743116	-19.287959	-5.815984	-9.959334  0.000000	 0.000000	 0.000000	 0.000000	 0.000000	 0.000000
930 1 -0.001480	-0.119043  0.0 -0.26 0.0 -0.7 0.0 -0.7 3.14 -3.733095	 4.815487	-20.693982 -1.433006	 85.429855	 59.499472	 101.678873	 17.929011 -39.944050	 62.710138	 29.744583	 72.147164	 77.487213  67.143641	 35.708834	-23.475593	-6.429328	 6.838100	-15.396684  0.000000	 0.000000	 0.000000	 0.000000	 0.000000	 0.000000
940 1  0.087328	-0.063930  0.0 -0.26 0.0 -0.7 0.0 -0.7 3.14  66.545678	-6.093393	-36.754848 -25.766214	 76.785201	 47.061563	 39.155064	 86.810546 -48.644337	 95.642259	 26.176214	 27.727738	-16.240805  44.700021	 12.407933	-46.178093	-42.526098	-16.217484	-8.776047  0.000000	 0.000000	 0.000000	 0.000000	 0.000000	 0.000000
950 1  0.010798	-0.136545  0.0 -0.26 0.0 -0.7 0.0 -0.7 3.14  16.036410	-8.875993	-32.405486 -25.791884	 86.458184	-6.125521	 83.759919	-36.057035 -76.697576	 97.264990	-26.512899	 27.241915	 27.858029  71.479338	 47.793023	-19.475350	-47.279310	-16.518261	-13.792598  0.000000	 0.000000	 0.000000	 0.000000	 0.000000	 0.000000
960 1 -0.005735	-0.081731  0.0 -0.26 0.0 -0.7 0.0 -0.7 3.14  1.496228	-22.882632	-28.384272 -51.790237	 46.374780	-30.200870	 99.166803	-18.006885 -14.431015	 50.099257	 51.771633	 49.397463	-16.748971  47.035518	 3.795262	-15.473704	-6.349328	 8.490435	-1.773902  0.000000	 0.000000	 0.000000	 0.000000	 0.000000	 0.000000
970 1  0.019778	-0.113806  0.0 -0.26 0.0 -0.7 0.0 -0.7 3.14  45.722705	-17.254394	-26.183862 -3.038388	 98.412381	 62.380103	 91.192854	-10.959721  2.374399	 43.598253	-31.708689	 86.928590	-30.536354  8.877604	 8.977214	-58.951796	-32.265898	-4.482878	-19.588110  0.000000	 0.000000	 0.000000	 0.000000	 0.000000	 0.000000
980 1  0.033513	-0.030470  0.0 -0.26 0.0 -0.7 0.0 -0.7 3.14 -8.959748	-3.390101	-21.649227 -22.745659	 35.566397	-27.006630	 93.747604	 1.715865 -73.537942	 43.455544	 70.549851	 100.155898	 0.205209  70.780771	 44.481485	 6.596296	-13.236003	-4.116246	 0.898639  0.000000	 0.000000	 0.000000	 0.000000	 0.000000	 0.000000
990 1 -0.003080	-0.169717  0.0 -0.26 0.0 -0.7 0.0 -0.7 3.14  44.547177	-15.353368	-24.752630 -44.673781	 46.572346	-15.855907	 94.608337	 56.819715 -65.563404	 83.811910	 0.363559	 87.407723	-2.782591  24.497263	 34.202847	-19.061676	-17.546385	 5.556987	-17.481995  0.000000	 0.000000	 0.000000	 0.000000	 0.000000	 0.000000
