0 1  0.059823	-0.082226  0.0 -0.26 0.0 -0.7 0.0 -0.7 3.14  38.820933	 2.094906	-15.806711 -30.721141	 37.121737	-26.634351	 25.493371	 62.938895 -54.877134	 49.702328	-5.660397	 94.045627	-40.056381  28.041746	 28.972071	-36.032357	-30.724871	-12.169125	-6.996722 -9.881677	 23.043258	-59.319164	-34.055249	 4.255549	-2.348245
10 1  0.003922	-0.180006  0.0 -0.26 0.0 -0.7 0.0 -0.7 3.14 -12.540201	-14.102160	-16.390613 -22.555519	 61.790207	 54.462292	 82.863705	 40.882620 -52.660740	 82.595066	 77.850731	 25.028709	-11.340996  20.017044	 57.502503	 54.857140	-18.345802	-9.712150	-16.271351  46.808032	 71.536879	-38.735453	-42.367112	 24.436262	 8.498534
20 1  0.060791	-0.189395  0.0 -0.26 0.0 -0.7 0.0 -0.7 3.14 -13.920083	 13.013300	-7.974814 -71.241058	 84.438943	-4.798832	 89.690692	-64.716106 -91.669035	 50.787917	-0.924860	 56.208762	 4.632466  64.071090	 73.380122	 76.545592	-23.311392	-17.043332	-12.326365  57.433371	 47.171725	 47.335838	-99.130776	-13.944991	-0.248136
30 1  0.022448	-0.000013  0.0 -0.26 0.0 -0.7 0.0 -0.7 3.14 -21.325531	-1.252001	-6.763800 -15.088420	 68.957762	-13.851810	 22.839949	-35.473503 -10.270690	 51.270344	 44.332180	 105.619245	 3.394850  58.852605	 47.889963	-9.518463	-46.920345	-18.806368	 3.829071  49.533610	 2.863015	-31.347408	-31.463770	 9.734235	 4.931947
40 1  0.010900	-0.094216  0.0 -0.26 0.0 -0.7 0.0 -0.7 3.14 -3.979965	-12.432037	-14.512676 -84.976643	 78.159031	-22.724829	 73.691863	-71.430273 -88.733662	 98.126140	-0.953804	 44.605243	 40.382591  54.214134	 11.867230	-57.977219	-20.296905	 2.798433	-11.410958 -21.165162	 76.937137	 32.220187	-63.467774	 21.556113	-4.958558
50 1 -0.000263	-0.015759  0.0 -0.26 0.0 -0.7 0.0 -0.7 3.14 -21.017942	 5.095459	-12.219517 -66.994210	 84.911244	 34.600061	 33.428020	 12.049014 -71.224240	 37.184747	-31.713400	 71.484539	-14.592145  60.820709	 15.712854	-63.884570	-3.716514	 13.972354	-14.174642  60.874366	 2.881601	-53.165403	-5.703556	 34.849168	-7.980413
60 1  0.052343	-0.073454  0.0 -0.26 0.0 -0.7 0.0 -0.7 3.14 -16.060249	-19.142688	-16.382177 -60.024391	 99.507082	 19.255581	 75.179227	 2.115241 -46.160750	 59.878338	-15.511109	 60.442521	-60.924484 -6.517411	 29.369536	-30.326192	-5.844630	-9.533335	-1.304422  19.408626	 48.405157	 34.827265	-98.007187	 14.536612	-12.356080
70 1 -0.004862	-0.132079  0.0 -0.26 0.0 -0.7 0.0 -0.7 3.14 -21.866009	-4.414116	-0.896853 -43.701039	 99.033576	-33.188204	 72.206577	-26.276101 -71.801895	 97.748027	-8.950664	 54.164481	-21.099265  56.017463	 14.728543	-12.843173	-25.522136	-5.088233	-5.137643  27.331978	 86.725085	-2.564448	-66.622366	-11.582750	 14.767342
80 1  0.047383	-0.032299  0.0 -0.26 0.0 -0.7 0.0 -0.7 3.14 -7.965480	-9.490008	-13.467178 -26.458702	 62.938648	 66.137362	 57.750972	 80.826019 -29.016456	 99.225786	 22.731657	 35.360256	 24.285336 -14.637119	 8.688440	 62.094051	-2.028678	-19.598528	-1.756066  23.422863	 43.514905	-43.667387	-105.243560	 31.230343	 9.230601
90 1  0.062700	-0.131173  0.0 -0.26 0.0 -0.7 0.0 -0.7 3.14  0.821188	 5.095266	-5.502882 -11.676092	 94.539528	 38.475338	 94.729395	-58.354936 -45.634775	 29.050993	-17.538392	 23.001104	 55.915900  86.659624	 62.657780	 5.570652	-21.817424	-11.957981	-17.077535 -26.988291	 5.651285	 75.669941	-25.961629	-3.901954	 14.503362
100 1  0.025056	-0.049818  0.0 -0.26 0.0 -0.7 0.0 -0.7 3.14  38.828403	-16.086801	 2.985669 -74.557475	 29.207386	-32.035880	 44.738801	-60.559083 -93.733733	 79.255664	 26.568520	 96.793162	-60.082858  11.839129	 33.790527	 71.623563	-11.035035	-15.801330	 9.447233  52.519457	 37.135989	-3.300867	-81.593074	-11.835215	-8.609959
110 1  0.033810	-0.184017  0.0 -0.26 0.0 -0.7 0.0 -0.7 3.14  25.766194	-14.692271	 1.556959 -72.165224	 79.366942	 56.112834	 63.853137	-8.469127 -57.130595	 41.269269	 72.557103	 29.416587	 81.399042  81.429924	 9.767730	 32.321225	-16.824601	-16.138714	-6.569370  25.286395	 39.650878	 14.100022	-47.703637	-12.339627	-0.409568
120 1  0.053573	-0.122730  0.0 -0.26 0.0 -0.7 0.0 -0.7 3.14 -2.214199	-16.919579	-2.847543  9.837610	 76.972684	 47.876641	 53.717509	 35.270096 -78.872125	 87.011719	-15.935358	 71.205704	-14.574271  69.643922	 55.770053	 31.364972	-20.452128	-15.590885	-3.516739  25.390212	 20.028060	-13.764746	-32.224788	 30.666000	-3.274663
130 1  0.070297	-0.090770  0.0 -0.26 0.0 -0.7 0.0 -0.7 3.14  30.087766	 10.244084	 1.827581 -85.389275	 45.988962	 76.750934	 15.651390	 29.679802 -80.532429	 92.429548	 2.205894	 34.483106	-31.262958  48.110954	 82.589754	 76.408875	-19.584711	-13.595842	 3.541015  49.735678	 86.184683	-71.642456	-36.127290	 5.212821	-18.812557
140 1  0.002344	-0.006007  0.0 -0.26 0.0 -0.7 0.0 -0.7 3.14  18.033177	 0.672043	 8.525228 -30.221006	 80.683972	 69.373508	 66.314504	 87.591793 -69.325754	 90.270282	 12.928032	 27.400442	-8.617916  64.935662	 85.945440	-30.404016	-31.545638	-12.377659	-9.034104 -10.605768	 5.323757	-2.573608	-74.034016	 11.027411	-19.951431
150 1 -0.013361	-0.154536  0.0 -0.26 0.0 -0.7 0.0 -0.7 3.14 -6.868808	-5.263010	-3.756715 -84.917552	 67.476224	-16.703801	 48.495374	-76.192271 -11.996954	 45.803893	 34.860885	 17.093988	-41.024551  36.168111	 1.868536	-53.832128	-59.071810	-18.773326	-15.355681  76.529051	 80.926849	-49.006345	-52.902844	 34.350205	 14.089208
160 1 -0.014433	-0.020860  0.0 -0.26 0.0 -0.7 0.0 -0.7 3.14  31.692483	-8.409790	-3.399963 -31.088109	 69.106593	-3.860525	 78.145773	 22.656055 -63.582594	 68.198776	 23.261093	 16.131048	 27.255244 -10.875754	 64.763683	 72.631799	-9.408573	 2.171725	-1.297260  14.271584	 81.814457	-64.073834	-54.988451	 0.366837	 16.950295
170 1 -0.018139	-0.092748  0.0 -0.26 0.0 -0.7 0.0 -0.7 3.14 -2.883766	 13.238116	 4.481090 -17.617347	 40.070504	 20.548887	 43.389077	 63.101453  6.964149	 86.905036	 43.524066	 76.537012	-19.245089  46.362424	 34.737577	-32.773792	-0.006963	 11.857359	-8.463467 -26.157908	 48.166902	 23.757434	-2.241173	-2.841975	-19.236766
180 1  0.014484	-0.177620  0.0 -0.26 0.0 -0.7 0.0 -0.7 3.14  7.162113	 11.347885	 6.977720 -43.757648	 44.675159	-32.453374	 67.823635	-31.397737 -72.441676	 83.974695	 37.299750	 27.018845	 64.759601  15.346275	 17.413427	-8.398219	-5.087414	 5.290520	-14.119843  19.759742	 33.592105	 6.185524	-10.980892	 32.883736	 6.797352
190 1  0.007521	-0.203857  0.0 -0.26 0.0 -0.7 0.0 -0.7 3.14  27.113598	 0.300632	 8.502305 -68.432341	 60.087201	 19.646922	 91.969448	-65.662138 -88.120532	 45.715272	 15.728988	 60.814532	 81.726074  73.222030	 21.139103	 23.419073	-16.539496	-1.256677	-9.372875  10.545747	 6.815713	-79.247591	-90.609657	 35.322642	 21.427624
200 1  0.022599	-0.083503  0.0 -0.26 0.0 -0.7 0.0 -0.7 3.14 -16.638238	 8.155492	 4.865860 -75.017226	 73.267357	 34.420250	 22.745533	-72.401008 -63.301794	 42.689525	 48.696066	 77.965070	 50.174817  71.423345	 66.633953	 30.817863	-29.094948	-13.355121	-5.709455  4.111589	 15.831788	 63.610969	-3.072853	 0.532012	 14.009875
210 1  0.011067	-0.057506  0.0 -0.26 0.0 -0.7 0.0 -0.7 3.14 -20.274489	 2.180750	-15.151212 -6.348563	 62.942396	-36.740366	 86.854228	 69.254820 -21.421545	 75.179127	 19.931196	 26.084690	-29.903215 -0.555631	 85.031580	 41.130123	-20.713854	-10.283960	-14.619079  7.602560	 5.114571	-63.735582	-38.748415	 8.714232	-15.299427
220 1  0.030845	-0.130046  0.0 -0.26 0.0 -0.7 0.0 -0.7 3.14  14.959814	-0.960728	-18.701029 -33.054515	 47.400790	 77.976170	 80.422409	 79.499425 -53.828266	 75.096391	 42.716766	 54.823321	-65.634742  27.634243	 1.000786	-62.085441	-23.965133	-0.762007	-21.060246  50.498658	 58.480468	 21.433189	-107.400862	 12.847349	-3.753438
230 1  0.022226	-0.010122  0.0 -0.26 0.0 -0.7 0.0 -0.7 3.14  38.283716	 10.874753	-18.576131 -41.241392	 39.639354	 27.111825	 51.160535	 0.121071 -53.617567	 83.421259	 37.687709	 77.891949	 61.701266  30.528377	 71.514235	 36.276924	-1.403314	 6.535287	 2.828895 -26.105069	 50.106683	-43.992681	-68.066297	 5.820479	-21.508805
240 1 -0.009176	-0.014956  0.0 -0.26 0.0 -0.7 0.0 -0.7 3.14  37.657025	-0.850077	-2.780024 -41.152137	 77.770299	 26.629832	 33.743113	-69.563160 -49.610635	 54.603424	 0.058723	 44.333214	-59.785159  33.906350	 37.305268	 62.354537	-9.167317	-7.451273	 12.325525 -3.101430	 27.528341	-61.171950	-77.547271	-18.254200	-11.859908
250 1  0.052302	-0.109393  0.0 -0.26 0.0 -0.7 0.0 -0.7 3.14 -6.158654	 5.994510	-2.756787 -67.543087	 87.342384	 2.707118	 53.311729	-20.929721 -38.512119	 85.586094	 14.445271	 23.972548	 49.730832  73.977397	 43.194540	-10.281599	-39.724627	-16.659247	-6.760821 -17.688544	 68.068444	-75.062946	-0.958144	 21.453275	 21.237708
260 1  0.041446	-0.189804  0.0 -0.26 0.0 -0.7 0.0 -0.7 3.14  26.930573	 11.255085	-17.915557 -42.146972	 29.292152	 58.734702	 30.628955	-5.982132 -6.135902	 50.109999	 50.764771	 18.422183	 32.790528  67.086791	 3.906312	 17.707323	-22.586384	-9.451221	-9.766132 -20.090837	 84.315055	 44.476415	-94.101616	-11.229421	-9.301688
270 1 -0.017555	-0.177550  0.0 -0.26 0.0 -0.7 0.0 -0.7 3.14  11.419188	-1.541805	-10.662414  4.816639	 89.230685	 19.885434	 39.910175	 11.066960 -70.023114	 47.670499	-18.010106	 37.734293	-61.314517  74.688302	 1.307192	 35.657967	-25.413260	-3.284887	-1.879017  51.221293	 33.735164	-69.159617	-96.267521	-9.696486	-20.900193
280 1 -0.012356	-0.106510  0.0 -0.26 0.0 -0.7 0.0 -0.7 3.14  23.200339	-15.477741	-1.441450 -65.089395	 67.464145	 17.244689	 44.758422	-16.273221 -22.031786	 78.817367	 12.986728	 15.272989	 16.283270  77.795707	 66.794480	-32.050462	-40.845000	-14.752157	-14.986651 -29.486089	 7.685641	 22.336550	-20.550792	 29.391392	-11.342851
290 1  0.022963	-0.135119  0.0 -0.26 0.0 -0.7 0.0 -0.7 3.14  33.144692	-5.945404	-14.889196 -89.461599	 74.434607	-12.365485	 80.617026	 16.189881 -52.509274	 48.497427	-33.785238	 68.316741	-13.004158  86.367329	 71.445009	 16.644184	-43.098320	-18.881915	 5.696712  84.063243	 2.507384	-60.151796	-61.121983	 34.765684	 8.793341
300 1  0.001448	-0.231287  0.0 -0.26 0.0 -0.7 0.0 -0.7 3.14  12.699753	 0.788300	 2.109495 -64.085905	 42.536126	 65.995160	 97.649626	 8.106055 -11.543400	 29.975917	-9.804240	 47.803458	-13.030460  56.988867	 23.915572	-4.406006	-10.939685	 9.735763	-14.172531  48.577621	 73.516346	 21.762055	-25.278402	-19.196208	 12.269336
310 1  0.077804	-0.006766  0.0 -0.26 0.0 -0.7 0.0 -0.7 3.14 -19.192909	 17.538104	 0.206145 -85.683547	 67.113532	-30.860927	 104.114518	 29.275766 -23.267015	 57.990035	 27.043066	 29.774568	 19.294294  32.322730	 63.663798	 18.355475	-1.870624	-2.307149	-2.770399  62.659832	 79.735128	 36.438705	-73.445896	 32.014977	-16.321163
320 1  0.008391	-0.051865  0.0 -0.26 0.0 -0.7 0.0 -0.7 3.14 -11.191214	-1.364139	 9.767902 -24.740343	 32.284105	 44.294100	 37.338971	-41.035049 -33.664212	 65.921674	 36.611211	 92.347776	 18.605051 -6.188313	 20.874165	-17.748123	-4.497427	-7.534979	 1.653498 -28.578359	 28.011098	-3.309518	-103.602479	-18.914151	-8.053402
330 1  0.025133	-0.128656  0.0 -0.26 0.0 -0.7 0.0 -0.7 3.14  16.592296	 10.222666	-18.116964 -40.083872	 41.817569	 62.197400	 51.566763	-7.304403 -85.839450	 35.559981	 43.936869	 65.748959	 52.350766  13.784996	 34.014651	-49.735023	-21.635745	-10.837491	-15.897639 -24.880237	 49.322021	-30.134241	-49.910421	 35.744519	-12.196855
340 1  0.006973	-0.052482  0.0 -0.26 0.0 -0.7 0.0 -0.7 3.14  33.398763	 17.393130	-4.679033 -28.769901	 55.154096	 6.300656	 56.115966	-46.031111 -46.442586	 34.128230	 28.753689	 62.312383	 42.529530  19.617512	 13.904408	 51.435945	-5.347222	-6.232727	 7.401021  58.056977	 89.724289	-69.988634	-50.511511	-0.941988	-2.276610
350 1 -0.017846	-0.117330  0.0 -0.26 0.0 -0.7 0.0 -0.7 3.14  15.981252	 5.133988	 4.732187 -58.143561	 64.445974	 7.432404	 26.244487	-0.851327 -48.457743	 72.575345	 35.668701	 86.325665	-10.716312  41.033693	 20.003325	-6.439429	-32.758846	-6.597988	-5.053420 -0.333179	 36.057652	-26.385881	-48.590960	 33.732521	 4.235214
360 1  0.078849	-0.253545  0.0 -0.26 0.0 -0.7 0.0 -0.7 3.14 -15.176984	-14.602425	 1.950296 -0.603257	 79.399345	 16.854879	 72.619701	 63.315435 -71.518031	 54.171317	 54.153692	 97.831153	 2.338087  11.237097	 14.578081	-25.913699	-0.262310	 0.989845	-18.835515  37.424536	 60.528721	-16.282262	-18.060290	 20.002690	 9.768033
370 1  0.015806	-0.029563  0.0 -0.26 0.0 -0.7 0.0 -0.7 3.14  22.953855	 4.445172	-11.242013  8.183943	 42.950467	 68.236517	 54.970997	 25.299511 -47.648617	 85.823611	 2.513272	 98.014154	-10.680124  25.210231	 3.390217	 64.123578	-4.941692	-15.352320	 15.345728  52.063723	 81.003466	 57.923946	-7.038362	 2.992976	-7.729962
380 1 -0.018190	-0.202963  0.0 -0.26 0.0 -0.7 0.0 -0.7 3.14  37.231747	-9.719631	 7.162407 -65.951947	 39.573344	-19.597965	 55.052549	-51.994406 -38.738405	 90.170318	 55.257558	 97.678751	 15.457620 -1.973781	 59.435007	 15.800128	-7.648877	 3.194600	-20.310085  8.763514	 42.416800	 8.156218	-51.728779	 29.608241	 4.347103
390 1  0.008065	-0.054756  0.0 -0.26 0.0 -0.7 0.0 -0.7 3.14  30.593274	-6.108325	-9.317558 -44.621104	 99.457014	-14.307647	 17.755654	-65.622260 -40.882097	 99.429176	 58.483956	 87.364014	-66.824705 -13.950040	 23.803625	-59.761927	-42.110944	-18.439843	-7.698127  0.869702	 13.949442	 26.281575	-21.969632	 25.489485	 15.136610
400 1 -0.017332	-0.063736  0.0 -0.26 0.0 -0.7 0.0 -0.7 3.14  11.822998	 8.938500	 3.003683 -22.636224	 93.630760	-1.114926	 20.469414	-16.914002  7.676822	 60.570494	 49.195325	 17.512851	-35.250694  6.922184	 82.885111	 66.267367	-37.646357	-10.240770	-11.798691 -15.704815	 3.392746	 64.081785	-48.188514	 22.880797	-11.923934
410 1  0.016848	-0.159094  0.0 -0.26 0.0 -0.7 0.0 -0.7 3.14  37.326475	-5.187824	-2.313862 -75.808643	 29.395491	-7.498133	 80.191137	 14.198228 -47.439615	 73.384152	 50.298220	 49.497829	 6.438990  47.724884	 63.438925	 16.525433	-20.160968	-5.765241	-6.699347  4.282521	 43.543285	-73.274836	-28.561410	 20.995131	 20.734575
420 1  0.000871	-0.032561  0.0 -0.26 0.0 -0.7 0.0 -0.7 3.14 -12.710559	-17.601369	-11.527625 -79.815759	 95.409646	-5.034719	 37.163844	 68.578335 -31.485876	 64.205643	-4.057869	 83.756360	 80.662346  53.223201	 56.353759	-6.539062	-15.204008	 1.025567	-5.019224 -8.106150	 66.959918	-67.445494	-71.079142	-5.103760	-7.998646
430 1  0.018126	-0.157400  0.0 -0.26 0.0 -0.7 0.0 -0.7 3.14  18.862925	 15.235530	-5.595585 -30.510539	 24.481241	 51.231498	 43.744986	 31.729928  4.214550	 51.392544	-7.291539	 90.971655	 57.547681  79.290268	 31.342909	-8.841705	-17.234432	 4.655704	-7.293095  48.690131	 39.047211	 17.743921	-26.621244	 1.026842	-20.684940
440 1  0.054644	-0.182377  0.0 -0.26 0.0 -0.7 0.0 -0.7 3.14  6.645812	 7.264435	-1.562783 -8.889244	 76.852765	 11.104850	 55.106820	 46.918376 -14.678648	 49.212567	-25.606919	 54.468085	-87.109804 -28.420089	 0.355523	-14.838682	-4.752290	-5.905763	-6.067279  62.843318	 61.729781	-66.131050	-19.174306	-16.968591	 8.004831
450 1  0.001860	-0.151810  0.0 -0.26 0.0 -0.7 0.0 -0.7 3.14  10.366698	-15.681001	 3.398625 -53.254282	 28.213472	 55.786524	 47.721102	-70.628337 -68.354495	 58.106589	 44.268728	 100.186140	-48.746087  27.781192	 9.695568	-38.456751	-18.556978	 7.853453	-12.092714  66.278888	 51.481252	-37.418354	-79.801056	 2.592180	 5.057457
460 1  0.018663	-0.130612  0.0 -0.26 0.0 -0.7 0.0 -0.7 3.14 -3.804173	 19.187382	-2.674119 -66.733849	 81.194151	-16.118542	 84.523102	-65.735331 -4.440066	 28.001589	 50.793520	 58.594746	 14.056902  41.743871	 14.879336	-14.249302	-15.072893	-2.686462	-8.674014 -3.936916	 48.021877	 0.079285	-16.213274	-15.326357	 9.759639
470 1  0.014392	-0.062157  0.0 -0.26 0.0 -0.7 0.0 -0.7 3.14  18.783125	-1.429215	-19.775568 -60.230541	 78.524918	-6.980443	 15.204706	-37.530132 -52.633447	 59.236250	 13.480727	 83.971804	-54.769125  75.746002	 34.745422	-31.075356	-14.123524	 10.305215	-6.756937  57.363781	 19.949215	 1.188322	-109.729029	 31.281555	 9.955212
480 1 -0.014559	-0.095779  0.0 -0.26 0.0 -0.7 0.0 -0.7 3.14 -18.241678	 10.662143	-18.797430 -54.710916	 29.626581	 32.558972	 99.323328	 16.860659 -26.823829	 36.761961	 17.808718	 56.627298	-54.885712  56.518225	 79.690838	 4.143058	-17.581772	 2.539418	-12.740523  66.359206	 56.339510	 4.055773	-64.817603	-3.851341	-19.087913
490 1  0.082470	-0.104008  0.0 -0.26 0.0 -0.7 0.0 -0.7 3.14  1.338974	-17.602227	-1.267234 -7.562202	 50.635047	 52.993002	 50.394307	-39.129960 -61.725135	 82.197149	 12.849789	 55.440550	 57.076560  37.080705	 37.154282	-7.830254	-16.483413	-5.775611	-4.928442  78.757421	 75.757595	 59.982155	-85.212446	 37.926811	-11.831292
500 1  0.034179	-0.022778  0.0 -0.26 0.0 -0.7 0.0 -0.7 3.14  37.313909	 13.521303	 1.593268 -91.670066	 90.112976	 10.237083	 81.767413	-78.054753 -10.594874	 48.559259	 61.455816	 84.917265	 18.249052  2.987108	 47.645998	-35.211808	-6.811508	-2.809164	-11.189979  30.312289	 2.465314	 32.290169	-108.765739	 37.366750	 7.130680
510 1  0.061730	-0.128138  0.0 -0.26 0.0 -0.7 0.0 -0.7 3.14 -7.784636	 12.806318	 4.749475 -88.398518	 57.886334	 39.639628	 72.122221	 47.470570  1.489526	 27.520548	 21.367452	 35.105750	-87.761199  19.342855	 66.898999	-64.639478	-7.129148	-18.419285	-20.219939 -2.164736	 24.522666	 5.803218	-88.877651	 38.007109	 6.013796
520 1  0.066229	-0.135429  0.0 -0.26 0.0 -0.7 0.0 -0.7 3.14  1.678094	 7.829743	-16.751433 -24.838957	 72.033370	-0.022073	 36.573480	 19.147062 -79.003631	 81.191125	-34.932256	 64.651842	 68.320872 -0.403462	 34.099100	-1.979665	-14.135300	-15.964797	-10.567828 -18.830033	 79.291680	 71.780071	-17.021313	 35.446050	 14.730106
530 1  0.074733	-0.095467  0.0 -0.26 0.0 -0.7 0.0 -0.7 3.14  16.367215	 10.912480	-7.400032 -65.792741	 27.711531	-9.059138	 16.403458	 42.017213 -7.376668	 40.612759	 1.342251	 92.496721	-44.021972  62.173874	 70.916322	 38.913861	-28.489312	-17.639304	 6.104205  82.348608	 56.472206	 68.662884	-80.449752	-17.426263	 21.004516
540 1  0.052549	-0.049286  0.0 -0.26 0.0 -0.7 0.0 -0.7 3.14 -3.148865	 19.116959	-3.933544 -67.896978	 53.417749	 15.878710	 47.934287	 33.997146  0.621720	 99.181538	-25.163554	 38.270105	 23.845900  33.492109	 79.028520	 36.132072	-22.708423	-10.307219	-4.463648  18.193327	 3.436423	-24.140435	-10.666398	 36.030460	-2.423032
550 1  0.060650	-0.152522  0.0 -0.26 0.0 -0.7 0.0 -0.7 3.14  38.401334	 4.005350	 2.018842 -36.572291	 97.028507	 48.520292	 76.852313	 67.712832 -14.248079	 84.283254	 57.171915	 88.007928	-1.412552  5.748968	 10.759423	-37.892056	-27.062608	-12.590510	-12.745364 -10.691848	 85.150436	 4.075312	-78.554491	 25.746751	-16.533229
560 1  0.068627	-0.122909  0.0 -0.26 0.0 -0.7 0.0 -0.7 3.14  16.146426	-8.948886	 5.707366 -92.767519	 65.086744	 3.795518	 69.215970	-1.634256  5.869272	 89.937133	 52.804327	 26.722047	-10.796425  28.586285	 39.651002	 1.156121	-3.254393	 0.119714	-9.070269  39.203292	 11.512362	-10.906093	-86.727329	-5.514825	-0.422241
570 1  0.029573	-0.062289  0.0 -0.26 0.0 -0.7 0.0 -0.7 3.14 -8.118694	-10.218248	 0.839681 -8.577391	 94.872453	-15.551426	 44.396239	 8.930588 -77.500543	 40.393567	 36.592870	 29.855792	 84.476116  45.316352	 41.806465	-37.495066	-23.883184	-8.537867	-9.475578  31.296167	 36.053407	-33.492010	-93.407925	 11.550822	 15.020019
580 1  0.034457	-0.157805  0.0 -0.26 0.0 -0.7 0.0 -0.7 3.14  12.599576	 19.102555	-6.186335 -45.827739	 52.129557	 31.906921	 15.964864	-83.432220 -65.383850	 55.661135	-3.264673	 98.914413	 30.726519  70.667673	 36.376195	 4.896857	-7.512437	 1.838639	-9.551342  8.093834	 32.737992	-64.857510	-20.986524	-0.887086	 21.855679
590 1 -0.003616	-0.205826  0.0 -0.26 0.0 -0.7 0.0 -0.7 3.14  17.459587	 15.595782	-15.652953 -53.469145	 71.317878	 27.112444	 61.299668	 80.709674 -83.262453	 66.588491	-25.680041	 15.742810	-4.255551  33.199635	 31.558830	 2.086425	-6.479244	 9.464184	-15.798827  42.587810	 89.087500	 74.158111	-10.230923	 27.294526	-9.079460
600 1  0.057239	-0.070939  0.0 -0.26 0.0 -0.7 0.0 -0.7 3.14 -7.169830	-15.744477	-4.756331 -28.526897	 99.900783	-6.464740	 27.792825	 72.536468 -17.271486	 68.172974	 15.720199	 25.791533	 7.220253  76.588646	 37.088638	-51.762047	-24.419645	-12.999606	-16.417910 -26.235579	 1.578506	 18.083891	-84.206013	-3.654267	-12.229382
610 1 -0.019086	-0.203685  0.0 -0.26 0.0 -0.7 0.0 -0.7 3.14  35.184647	-9.711027	 4.082694 -49.910682	 71.817202	 11.939990	 42.155989	 60.504235 -40.649360	 40.377487	-15.828648	 60.078580	-70.631492  72.635725	 28.065268	 24.912168	-4.016784	 5.627670	-16.540184  0.583308	 13.189124	 21.164102	-88.251205	-7.250232	-5.820603
620 1  0.079111	-0.068782  0.0 -0.26 0.0 -0.7 0.0 -0.7 3.14 -8.654182	 14.893241	 5.176079 -23.167362	 75.818832	 14.610690	 27.797948	 65.450282  1.512501	 34.054932	 32.080344	 62.553263	-40.792861 -19.127952	 77.421142	 15.682522	-5.623178	-11.400252	-17.035411  64.537830	 57.600506	-27.715515	-47.179250	 0.078799	 15.152467
630 1  0.045784	-0.257253  0.0 -0.26 0.0 -0.7 0.0 -0.7 3.14  27.171482	 6.708497	-5.679646 -13.987379	 64.511205	 9.315914	 17.444886	-40.601985  7.385095	 56.155288	 49.166593	 62.059882	-56.576103  34.758821	 3.593648	-9.207316	-40.632489	-15.785664	-18.975526  8.154195	 89.093941	-48.011130	-29.613168	 2.561434	 11.314118
640 1  0.064362	-0.003835  0.0 -0.26 0.0 -0.7 0.0 -0.7 3.14 -2.007498	 12.293400	-4.356486 -83.127282	 27.067345	 75.853668	 30.522396	-51.544169  2.746285	 54.132274	 20.877100	 21.355318	-15.619108  49.005629	 63.786829	-78.338604	-1.027840	-3.978051	-8.649064  2.191415	 50.496363	 31.438299	-8.629394	 19.750050	 8.478280
650 1  0.069893	-0.226757  0.0 -0.26 0.0 -0.7 0.0 -0.7 3.14  13.299913	 4.663513	-16.761013 -63.500761	 77.313824	 13.469425	 83.018789	-13.611562 -13.392055	 69.088117	-4.200276	 83.739736	-15.415856  86.118925	 27.370846	 44.613208	-17.255471	-16.462375	-15.635554  83.412616	 13.683313	 41.788160	-51.608674	-18.654291	-12.812255
660 1  0.021078	-0.186533  0.0 -0.26 0.0 -0.7 0.0 -0.7 3.14  14.773216	-11.519932	-11.154064 -68.912243	 47.694005	 33.873333	 87.790042	-56.439048 -54.788014	 97.100503	 52.434826	 51.727848	 63.850814 -7.813114	 25.386618	-77.686765	-0.925041	 2.227807	-20.923515 -17.776090	 2.552596	 10.290029	-59.868510	 22.208366	-14.430964
670 1  0.039242	-0.141304  0.0 -0.26 0.0 -0.7 0.0 -0.7 3.14 -8.150761	-5.768678	 0.446916 -48.307583	 61.263188	-9.840335	 43.400571	-77.193561 -3.736696	 47.585878	 47.440124	 80.209237	 18.345435  11.085965	 56.227311	 46.951858	-21.868399	-16.466739	-13.012149  16.172145	 32.017174	-70.647817	-24.114578	 6.051782	 14.311315
680 1  0.081652	-0.205177  0.0 -0.26 0.0 -0.7 0.0 -0.7 3.14  11.581868	-16.385281	-4.211257 -40.091583	 86.989756	 31.630928	 69.968739	-47.285401 -15.504613	 57.039133	-23.653354	 60.059486	 46.437846  38.812430	 15.001385	 26.661189	-8.080197	-4.286918	-15.414636  55.780453	 3.463289	 62.918150	-79.387595	 20.587122	 11.894239
690 1  0.072610	-0.024032  0.0 -0.26 0.0 -0.7 0.0 -0.7 3.14  13.666312	-8.673440	-5.013940 -76.622122	 40.529223	 66.336422	 33.133640	 78.960789 -19.980039	 94.072780	 10.352103	 47.923488	-33.075345  26.217458	 59.224526	 11.772659	-23.866091	-13.092697	 3.235525  29.928145	 53.619157	-61.985755	-4.381898	-8.317290	-6.996281
700 1 -0.016090	-0.159374  0.0 -0.26 0.0 -0.7 0.0 -0.7 3.14  16.861623	 8.941993	-18.370951 -42.528842	 57.405608	 65.585426	 19.237585	 16.950646 -13.776451	 96.204703	-25.653095	 63.220675	-29.796259  59.017427	 11.664975	-17.609437	-43.863238	-4.745843	-13.085893 -13.239668	 45.655660	-75.272081	-91.201092	 20.219811	 20.396814
710 1 -0.011062	-0.222589  0.0 -0.26 0.0 -0.7 0.0 -0.7 3.14  32.947018	-10.397260	-3.210172 -43.363593	 63.595218	 76.374106	 56.379602	-20.784086 -11.720083	 37.817567	 1.251533	 72.342122	-84.028646  75.245904	 16.812638	-5.063932	-22.834586	 3.349421	-15.841257  17.409493	 41.648993	-27.682818	-77.501704	 29.932323	 6.332561
720 1  0.048508	-0.218443  0.0 -0.26 0.0 -0.7 0.0 -0.7 3.14  37.333826	 14.108017	 5.774766 -75.606966	 51.113978	 2.528146	 48.990083	-12.979373  9.084760	 64.429682	 56.238263	 80.865290	 54.223427  36.179258	 33.955280	 21.917898	-18.229995	-8.595788	-18.547963  15.869342	 57.395165	-27.782307	-112.356913	 1.543169	-18.549339
730 1 -0.016860	-0.038674  0.0 -0.26 0.0 -0.7 0.0 -0.7 3.14  29.524948	-1.797035	-5.514120 -84.121721	 33.538542	 19.414650	 31.979117	-58.715937 -91.361560	 69.117148	-1.526559	 61.821763	 19.888711  54.614251	 20.917742	-16.340973	-19.187036	 7.752082	 6.558960 -13.596159	 63.749390	 46.254352	-43.600142	 28.071588	 16.129793
740 1  0.056215	-0.083518  0.0 -0.26 0.0 -0.7 0.0 -0.7 3.14  20.474742	-4.434360	-10.777982 -33.770350	 78.460125	 3.304223	 15.479225	 20.741291 -41.052119	 76.547295	 10.603524	 30.870295	-22.168461  49.863154	 37.915007	-12.052116	-3.746358	 3.099258	-2.494868 -4.773248	 53.689151	 19.824774	-37.276738	-18.467222	 4.468732
750 1 -0.009506	-0.183524  0.0 -0.26 0.0 -0.7 0.0 -0.7 3.14  27.728307	 12.765220	-14.641994  8.417429	 55.909674	 79.164915	 56.428686	 8.341994  4.820203	 41.125788	 74.173749	 38.687907	 13.247441  67.950112	 14.583333	-13.744954	-40.748843	-10.693068	-19.136714 -1.390162	 17.554436	-19.821693	-79.553928	-1.733426	-0.671289
760 1  0.003874	-0.042591  0.0 -0.26 0.0 -0.7 0.0 -0.7 3.14  5.383525	 19.377689	-16.314768 -39.690778	 38.681113	-10.303809	 50.632231	 11.834484 -36.959327	 51.606335	-27.793425	 34.733494	 61.119458  24.343521	 39.448116	-25.631718	-8.783287	 1.770150	-3.837718 -4.165226	 62.091999	-18.843653	-26.807594	-2.524256	 20.603937
770 1 -0.006579	-0.196751  0.0 -0.26 0.0 -0.7 0.0 -0.7 3.14  15.385418	 4.511936	-14.245389  9.141668	 47.830767	-32.025542	 18.653190	 32.331330 -64.825496	 89.916693	 27.267125	 74.141352	 47.161179  78.982164	 33.800983	 74.631780	-5.497772	-10.310469	-11.384415  56.833926	 40.453997	-16.938262	-104.958084	 18.736735	-17.133197
780 1  0.074466	-0.002248  0.0 -0.26 0.0 -0.7 0.0 -0.7 3.14 -5.948850	 6.373496	-12.029728 -9.305473	 91.004749	 79.094192	 28.489668	-18.973925 -65.534737	 80.705028	-19.715581	 67.574906	-12.367490  84.131193	 35.388555	-79.649283	-11.081968	-2.011535	-15.228261 -15.707424	 77.362522	-20.695451	-44.242660	-9.151726	-4.153996
790 1  0.010364	-0.067647  0.0 -0.26 0.0 -0.7 0.0 -0.7 3.14  35.230929	-2.523139	-7.053406  8.056778	 33.142235	 8.508868	 98.946412	-41.387500 -58.306326	 35.858235	 11.253408	 99.606013	 9.026532  1.601543	 15.359808	 3.867179	-6.926469	 4.781403	 6.296342  69.270659	 72.957852	 71.027435	-2.554902	 20.785674	-12.849506
800 1 -0.006338	-0.146126  0.0 -0.26 0.0 -0.7 0.0 -0.7 3.14 -1.481465	 7.879363	 9.962087 -46.369328	 52.771637	-21.435606	 69.841214	 72.294514  1.624266	 32.504695	-1.569293	 77.370241	 4.548561 -17.564021	 67.320409	-64.836887	-0.775831	-4.729299	-19.604108  48.702075	 69.486280	 63.281721	-15.710540	 38.021859	-3.974885
810 1  0.040170	-0.067664  0.0 -0.26 0.0 -0.7 0.0 -0.7 3.14 -4.927503	 1.238761	-17.627360 -85.733085	 51.157960	 48.956359	 59.007283	 20.563394 -82.605797	 50.687054	 41.383087	 36.952702	 1.160300  75.303456	 44.333916	 63.070662	-28.679624	-18.160021	 4.704491  13.290385	 14.641688	 46.523116	-104.525055	-4.987506	-1.816433
820 1  0.073303	-0.001877  0.0 -0.26 0.0 -0.7 0.0 -0.7 3.14  9.114199	-17.234333	-11.922904 -69.929343	 90.251843	 14.271809	 63.318261	-66.551909 -52.682961	 36.663950	 36.112010	 89.420752	 55.081385  11.003224	 89.930840	 13.422648	-16.773040	-10.281615	-11.807243  42.846311	 68.115512	-46.121154	-49.113209	 34.492960	 2.359157
830 1  0.023184	-0.124442  0.0 -0.26 0.0 -0.7 0.0 -0.7 3.14  37.233971	 12.223119	 4.624773 -25.242838	 48.586199	 15.712318	 75.167345	 28.272989 -50.118833	 59.408899	 41.622427	 15.918426	 25.971389  4.067185	 49.516780	-35.300458	-2.878353	 4.743864	-15.079937 -12.887361	 44.829838	-76.936224	-0.029401	-14.878355	-20.924786
840 1  0.018903	-0.069614  0.0 -0.26 0.0 -0.7 0.0 -0.7 3.14  23.167732	-4.115375	 1.742487 -0.332475	 57.456210	-22.913822	 58.305939	-8.618694 -9.551862	 70.453959	 67.280331	 60.985944	 0.658247  3.595237	 87.275469	 25.228452	-18.253620	-8.284223	-14.900689 -28.326911	 39.478995	-40.997980	-30.695435	-16.243966	 17.173416
850 1 -0.001861	-0.117326  0.0 -0.26 0.0 -0.7 0.0 -0.7 3.14 -0.017850	-17.893554	-7.178741 -61.674663	 87.178976	 59.416411	 27.102026	 88.594771 -13.765916	 72.432486	 17.747618	 97.811849	 26.106414  83.350947	 40.130854	-57.262010	-13.457244	 8.309244	-19.561502  12.888984	 62.098210	 41.703157	-98.952469	 37.396079	 12.419429
860 1  0.015007	-0.005922  0.0 -0.26 0.0 -0.7 0.0 -0.7 3.14 -6.106618	 5.372071	-7.440482 -79.345279	 72.084920	-7.246281	 94.235446	 35.435349 -10.275737	 34.291987	 22.421539	 29.287744	-61.227178 -21.759576	 76.407522	 54.492707	-24.116465	-11.289193	-7.414029  35.385223	 27.118988	 23.564669	-88.677706	-0.154419	 1.155927
870 1  0.067765	-0.073813  0.0 -0.26 0.0 -0.7 0.0 -0.7 3.14  5.181525	 2.645965	-6.620971 -53.721069	 57.416748	 18.282694	 54.747477	-11.343744  3.384464	 68.076941	-21.575062	 21.722908	-11.175923  71.057880	 17.228822	-33.115577	-32.138576	-4.085571	-4.839014 -21.061564	 88.377227	-21.241296	-23.643497	-1.781243	 18.723407
880 1  0.085537	-0.193718  0.0 -0.26 0.0 -0.7 0.0 -0.7 3.14  21.086342	-10.135043	-19.330167 -32.162941	 39.797870	 29.934663	 37.854401	 7.511937 -54.672636	 50.625474	 51.961948	 101.812756	 14.781211  15.249444	 25.440777	 33.153015	-14.003323	-12.035506	-12.467057  33.095473	 4.595936	-20.268012	-8.540249	 12.064183	 5.891919
890 1  0.081302	-0.222079  0.0 -0.26 0.0 -0.7 0.0 -0.7 3.14  30.098376	 8.072626	-4.960856 -0.093965	 32.191944	 34.059216	 66.233641	 87.263684 -88.854282	 46.432305	-23.868209	 17.411702	-64.209994  32.376129	 71.471154	 55.723776	-18.760222	-14.909492	-13.258772  50.845919	 2.479247	 72.274929	-6.576533	 37.448833	-3.557408
900 1  0.001786	-0.256201  0.0 -0.26 0.0 -0.7 0.0 -0.7 3.14  30.735113	 7.120285	-0.921569 -7.575318	 70.079048	 40.283171	 39.336855	 64.564143  8.615335	 98.090028	-25.998818	 70.906112	-81.514625  71.730319	 30.835031	 24.616672	-48.148489	-12.743639	-18.740616  83.154401	 5.146878	-53.537773	-98.500671	-11.612664	 10.903762
910 1  0.089919	-0.025976  0.0 -0.26 0.0 -0.7 0.0 -0.7 3.14  32.291746	-15.174963	-14.083227 -51.051937	 32.356210	 48.907785	 78.158454	-74.606144 -74.042232	 82.378456	-35.892302	 39.762932	-56.196479  19.745511	 46.488430	-59.636783	-11.847131	-3.034162	-12.045467  50.976691	 1.809884	-22.927952	-44.459738	 11.674079	-2.153365
920 1  0.082263	-0.128751  0.0 -0.26 0.0 -0.7 0.0 -0.7 3.14  35.899766	 6.828641	-12.448193 -31.836349	 95.204128	 8.807171	 96.713528	-58.986412 -33.480287	 39.441352	-5.662638	 72.603659	 18.113904  44.412304	 33.956689	-18.241525	-22.039434	-1.781911	-12.243415  84.904568	 56.567943	 26.009310	-82.616241	 2.828986	 10.452869
930 1  0.067163	-0.065054  0.0 -0.26 0.0 -0.7 0.0 -0.7 3.14 -0.299946	 12.291850	-18.577494 -8.926850	 82.578766	 1.614031	 92.829337	 4.409267 -14.745801	 85.327891	 76.484872	 65.750372	-15.861643  51.188626	 37.535125	 28.124254	-22.041373	-18.079667	 1.100926 -10.777917	 39.189867	 57.393250	-4.319188	 30.393299	 6.689257
940 1 -0.014202	-0.068391  0.0 -0.26 0.0 -0.7 0.0 -0.7 3.14  7.081952	 8.253841	 0.659044 -20.287521	 77.829287	 55.487990	 20.537937	 81.727021 -6.583173	 44.138473	-29.835489	 42.098487	 55.768759 -28.627191	 87.469183	 6.668348	-25.056258	-10.514985	-19.410796  45.558255	 19.735462	-31.215594	-58.392342	 13.866640	-10.083337
950 1  0.046879	-0.172463  0.0 -0.26 0.0 -0.7 0.0 -0.7 3.14  11.360105	 3.113541	 4.186822 -75.889679	 42.504678	 15.636539	 35.645802	 16.185892 -25.237028	 58.461398	 16.599407	 20.541176	 57.878844 -27.731252	 23.429328	-17.960062	-0.753097	-1.674082	-15.237787  64.851474	 31.077347	-14.566946	-87.653819	-12.609141	-5.266461
960 1  0.032831	-0.169032  0.0 -0.26 0.0 -0.7 0.0 -0.7 3.14 -8.779828	-14.817507	-16.763589 -34.580996	 37.077778	 24.129663	 69.670080	-34.950768 -81.098355	 45.821268	-21.652545	 60.570583	 23.983329  89.156839	 48.663210	-39.520270	-8.841258	 10.326621	-21.512715  44.581187	 54.454953	 76.012443	-106.482362	-17.354853	-18.541825
970 1  0.060592	-0.016836  0.0 -0.26 0.0 -0.7 0.0 -0.7 3.14  38.998558	-5.043337	-3.657037 -81.839933	 53.747053	 31.321108	 42.434300	-76.694397  5.457735	 85.064636	-26.063672	 27.986054	 83.883759  40.836166	 61.778493	 1.144694	-14.426868	 5.164218	 6.556388  87.674914	 39.667943	 55.577798	-3.102626	 3.041240	-18.512448
980 1  0.000302	-0.007587  0.0 -0.26 0.0 -0.7 0.0 -0.7 3.14  38.699679	-10.876712	-14.651627 -24.132058	 89.249553	 70.305521	 85.675542	 49.576979 -35.219883	 54.410424	 13.032633	 79.940437	 8.351088  79.628643	 73.710681	-28.219837	-3.081594	 10.642149	-0.156761 -12.663149	 21.177363	 46.340009	-107.842051	 1.484698	-11.835014
990 1  0.046013	-0.009257  0.0 -0.26 0.0 -0.7 0.0 -0.7 3.14  39.541870	 12.985539	-11.714496 -77.480891	 86.606081	 21.766305	 43.465549	-38.239953 -20.564350	 93.836520	 58.532855	 25.993971	-50.452072  74.741652	 49.492757	 66.950587	-0.964856	-14.479980	 13.457436 -13.615309	 50.070727	 15.069097	-11.517763	 15.541005	 20.015391
