0 1  0.014032	-0.007514  0.0 -0.26 0.0 -0.7 0.0 -0.7 3.14  38.642358	-6.146161	-3.094057 -25.487829	 98.875031	 47.674270	 52.792275	-11.149436 -16.815452	 52.142223	 21.694485	 48.922156	 54.983667  48.574840	 82.728570	 32.005250	-20.465011	-9.190194	 8.878362  0.000000	 0.000000	 0.000000	 0.000000	 0.000000	 0.000000
10 1  0.035356	-0.027926  0.0 -0.26 0.0 -0.7 0.0 -0.7 3.14  69.308446	-12.678267	-5.962658 -66.642978	 79.087407	 37.841162	 49.930996	-34.335992 -77.506070	 99.339395	-12.616531	 51.042997	-68.252523  39.987907	 16.315574	 0.680647	-32.222951	-8.611197	 13.337357  0.000000	 0.000000	 0.000000	 0.000000	 0.000000	 0.000000
20 1  0.033017	-0.020626  0.0 -0.26 0.0 -0.7 0.0 -0.7 3.14 -18.956950	 21.018029	-30.870233 -92.046533	 40.931356	 70.909706	 80.495859	-44.501808 -69.099071	 38.275930	-27.840907	 65.176882	-62.848347  37.968765	 9.570275	 9.670234	-3.213968	-1.652661	 0.952133  0.000000	 0.000000	 0.000000	 0.000000	 0.000000	 0.000000
30 1  0.015420	-0.196096  0.0 -0.26 0.0 -0.7 0.0 -0.7 3.14  29.738216	-22.117275	-48.723898 -69.301889	 49.101229	-15.538761	 73.482075	 22.650064 -43.905379	 48.633999	 25.224349	 49.488416	 49.804132  72.654285	 32.732655	 76.939428	-5.925260	-17.270515	-19.939716  0.000000	 0.000000	 0.000000	 0.000000	 0.000000	 0.000000
40 1  0.024884	-0.170091  0.0 -0.26 0.0 -0.7 0.0 -0.7 3.14  44.617570	 3.665810	-31.218766 -22.723279	 57.762883	 40.063663	 51.977585	 83.413846 -29.609447	 91.764859	-14.236352	 75.670172	-28.389729  53.441692	 14.913368	 74.816387	-4.450514	-14.551111	-17.148568  0.000000	 0.000000	 0.000000	 0.000000	 0.000000	 0.000000
50 1 -0.018163	-0.038308  0.0 -0.26 0.0 -0.7 0.0 -0.7 3.14  46.045317	-16.689212	-45.254070 -40.794249	 77.170063	 42.623932	 41.709303	-24.836045 -59.303488	 42.196645	 28.790491	 31.541111	-29.748022  8.477796	 28.603333	-20.536894	-7.039739	 12.425030	-1.704708  0.000000	 0.000000	 0.000000	 0.000000	 0.000000	 0.000000
60 1 -0.012896	-0.038785  0.0 -0.26 0.0 -0.7 0.0 -0.7 3.14  60.383869	 26.506322	-21.846947 -0.111477	 77.911910	-14.703519	 61.603653	-89.085047 -47.214372	 24.395236	 61.004310	 71.895176	 30.840081  76.526017	 15.331593	-37.777746	-58.345159	-15.102876	-3.100887  0.000000	 0.000000	 0.000000	 0.000000	 0.000000	 0.000000
70 1  0.061198	-0.159249  0.0 -0.26 0.0 -0.7 0.0 -0.7 3.14  42.709825	 6.072735	-38.336560 -48.323624	 31.626918	 44.969491	 100.750681	-49.663751 -28.481025	 34.843048	 9.765368	 99.641013	 36.787477  21.345334	 42.581434	-10.875363	-13.149042	-3.485135	-19.696485  0.000000	 0.000000	 0.000000	 0.000000	 0.000000	 0.000000
80 1  0.032529	-0.138545  0.0 -0.26 0.0 -0.7 0.0 -0.7 3.14  49.801103	-23.818487	-12.547334 -18.308416	 49.930017	 68.433223	 82.512743	-25.547904  5.873447	 98.372844	 24.326372	 69.328418	 27.344497  66.833694	 27.989446	-26.871774	-37.602820	-10.789820	-7.543010  0.000000	 0.000000	 0.000000	 0.000000	 0.000000	 0.000000
90 1  0.065197	-0.192005  0.0 -0.26 0.0 -0.7 0.0 -0.7 3.14  8.584220	-9.687345	-26.688597 -51.648167	 43.216782	 74.825452	 71.181518	-89.096775 -86.605129	 43.911736	 68.579265	 26.332580	-71.592756 -24.323275	 20.773087	-7.141840	-19.582583	-17.344681	-20.711790  0.000000	 0.000000	 0.000000	 0.000000	 0.000000	 0.000000
100 1  0.028848	-0.138023  0.0 -0.26 0.0 -0.7 0.0 -0.7 3.14  40.530778	 0.309473	-9.699405 -64.590851	 98.145220	-10.900056	 49.408071	-51.103742 -92.864961	 37.519745	-10.182840	 84.407314	-65.101113  84.351978	 56.336242	-61.442531	-49.843796	-15.399545	-20.609048  0.000000	 0.000000	 0.000000	 0.000000	 0.000000	 0.000000
110 1  0.011979	-0.006034  0.0 -0.26 0.0 -0.7 0.0 -0.7 3.14 -10.118810	 11.442484	-1.860754 -93.603137	 78.207641	-30.024549	 55.403856	-55.153341  7.443960	 65.732471	-4.760621	 55.913167	-64.193852 -7.352392	 16.300316	-69.626541	-13.158559	-5.493720	 2.123360  0.000000	 0.000000	 0.000000	 0.000000	 0.000000	 0.000000
120 1 -0.016300	-0.126101  0.0 -0.26 0.0 -0.7 0.0 -0.7 3.14  14.447625	-0.849068	-17.781461 -89.990008	 96.168144	 10.623712	 70.019078	-89.262069 -5.577406	 34.446172	 25.610818	 71.038676	 2.812280 -10.742345	 3.741829	-46.381325	-36.662851	-11.468038	-14.664525  0.000000	 0.000000	 0.000000	 0.000000	 0.000000	 0.000000
130 1  0.047208	-0.221587  0.0 -0.26 0.0 -0.7 0.0 -0.7 3.14 -10.929688	-0.248520	-9.404353 -84.878890	 55.477057	 60.464145	 50.226011	 65.868321 -74.800001	 70.005389	-36.568621	 15.926323	 4.785804  32.753845	 4.431363	 28.432267	-16.302351	-15.157593	-21.448064  0.000000	 0.000000	 0.000000	 0.000000	 0.000000	 0.000000
140 1  0.022855	-0.050494  0.0 -0.26 0.0 -0.7 0.0 -0.7 3.14  63.094602	 19.731695	-2.824227 -55.288580	 83.115511	-30.599304	 32.385280	-31.972743  4.676045	 86.874363	 75.927634	 83.546585	 66.325107 -15.806238	 69.548866	-25.505490	-23.297728	-5.947259	-12.360549  0.000000	 0.000000	 0.000000	 0.000000	 0.000000	 0.000000
150 1 -0.003418	-0.075947  0.0 -0.26 0.0 -0.7 0.0 -0.7 3.14  33.954673	-9.868865	-20.464786 -70.677169	 47.593895	 65.038107	 24.893334	-33.943659 -62.967148	 29.154607	-12.518705	 80.743085	 33.435892 -12.144308	 53.824763	-56.068117	-22.782623	-7.598143	-16.632294  0.000000	 0.000000	 0.000000	 0.000000	 0.000000	 0.000000
160 1  0.000434	-0.133306  0.0 -0.26 0.0 -0.7 0.0 -0.7 3.14  22.741228	 16.105741	-3.557049 -18.847770	 43.687682	 34.166676	 78.051294	 20.212164 -65.024518	 29.703866	 22.194928	 73.615827	-61.930621  11.195705	 41.099233	 38.151745	-12.107758	-1.066080	-11.856984  0.000000	 0.000000	 0.000000	 0.000000	 0.000000	 0.000000
170 1 -0.016096	-0.167189  0.0 -0.26 0.0 -0.7 0.0 -0.7 3.14  21.446458	-22.118050	-35.872598 -50.706330	 66.523742	 0.965901	 61.021957	-17.133356 -33.106813	 46.595519	-29.737267	 64.647037	-57.423401  23.016138	 14.796264	 73.562934	-11.825589	-12.067538	-12.666455  0.000000	 0.000000	 0.000000	 0.000000	 0.000000	 0.000000
180 1  0.071182	-0.049550  0.0 -0.26 0.0 -0.7 0.0 -0.7 3.14  67.717197	-22.898303	-30.322150 -40.207168	 48.549710	 54.919832	 42.317055	-32.340228 -12.987828	 87.512441	 36.478107	 18.645362	-4.549120  0.010309	 0.218076	-41.607742	-48.792634	-16.072373	-5.450960  0.000000	 0.000000	 0.000000	 0.000000	 0.000000	 0.000000
190 1  0.037785	-0.085435  0.0 -0.26 0.0 -0.7 0.0 -0.7 3.14  13.252068	-9.241971	-15.758186 -22.717395	 31.325013	 40.089832	 68.493794	-36.849696 -92.367549	 79.893375	-5.749293	 37.484308	 50.287356 -25.238950	 42.101031	 24.052411	-24.774788	-19.371192	-7.334036  0.000000	 0.000000	 0.000000	 0.000000	 0.000000	 0.000000
200 1  0.059140	-0.016206  0.0 -0.26 0.0 -0.7 0.0 -0.7 3.14  5.888950	 18.167810	-49.314473 -3.076235	 56.592330	-9.360576	 97.427298	-0.220103 -23.448086	 28.182264	 53.060592	 23.735857	 63.142263  74.473004	 4.989325	 37.780944	-2.449567	-8.253148	 5.697973  0.000000	 0.000000	 0.000000	 0.000000	 0.000000	 0.000000
210 1 -0.007286	-0.034762  0.0 -0.26 0.0 -0.7 0.0 -0.7 3.14 -15.924252	-9.749062	-10.944484  1.946246	 91.230957	 29.031949	 76.070096	-20.199746 -89.514922	 40.020078	 4.658541	 57.772036	 80.844346 -10.950266	 67.283723	 23.367693	-0.967349	 0.122805	-9.114148  0.000000	 0.000000	 0.000000	 0.000000	 0.000000	 0.000000
220 1  0.039453	-0.087182  0.0 -0.26 0.0 -0.7 0.0 -0.7 3.14  62.053990	-4.648518	-38.950157  2.383031	 34.334740	 14.232206	 100.040982	 8.209971 -93.125452	 51.405504	-30.750795	 59.632382	-31.209079  16.076137	 7.780231	-55.053274	-4.616203	 9.778366	-18.741701  0.000000	 0.000000	 0.000000	 0.000000	 0.000000	 0.000000
230 1  0.028346	-0.095349  0.0 -0.26 0.0 -0.7 0.0 -0.7 3.14  40.512807	-24.522252	-25.424123 -8.974826	 50.520080	-9.366206	 34.122900	 80.343806 -16.405934	 88.103633	 11.670899	 84.891248	-7.671139  13.235435	 86.555559	 8.550647	-16.442210	-4.311761	-10.800358  0.000000	 0.000000	 0.000000	 0.000000	 0.000000	 0.000000
240 1  0.020151	-0.095070  0.0 -0.26 0.0 -0.7 0.0 -0.7 3.14 -14.775778	-14.067997	-8.198314 -15.128382	 48.114131	 47.450551	 84.866459	-21.720470 -3.888761	 49.279174	 54.665777	 48.746114	 72.432742 -25.958734	 42.090796	-69.363645	-16.441933	-8.647970	-8.329816  0.000000	 0.000000	 0.000000	 0.000000	 0.000000	 0.000000
250 1  0.064718	-0.076402  0.0 -0.26 0.0 -0.7 0.0 -0.7 3.14  16.720874	-11.624659	 2.079292 -2.998241	 55.964899	 20.631487	 61.933043	 79.540717 -23.116697	 70.498712	 40.116811	 97.733176	-2.298279  62.347173	 71.044036	 13.807368	-28.455158	-19.352157	-2.733795  0.000000	 0.000000	 0.000000	 0.000000	 0.000000	 0.000000
260 1 -0.017788	-0.047688  0.0 -0.26 0.0 -0.7 0.0 -0.7 3.14  33.212362	 0.378661	-37.214246 -4.707520	 64.996013	 46.633233	 98.363975	-8.695958 -26.010505	 69.913428	 14.480518	 45.572471	 24.609599  13.731059	 46.252433	-69.703570	-50.875302	-19.123452	-14.583312  0.000000	 0.000000	 0.000000	 0.000000	 0.000000	 0.000000
270 1 -0.005600	-0.139199  0.0 -0.26 0.0 -0.7 0.0 -0.7 3.14 -16.397807	-3.684316	-0.067076 -45.140564	 43.549457	 32.901210	 83.045883	 55.451641  8.958633	 64.562261	 43.491096	 87.428260	-42.091607  12.355824	 5.568784	 34.294173	-1.938145	-4.537264	-10.770510  0.000000	 0.000000	 0.000000	 0.000000	 0.000000	 0.000000
280 1 -0.019345	-0.087235  0.0 -0.26 0.0 -0.7 0.0 -0.7 3.14  25.728196	-21.707121	-38.789709 -83.334188	 26.519298	 23.935183	 97.777033	-53.977995  8.501201	 75.771203	-24.911118	 35.699652	 8.042457  66.026437	 7.469204	-48.655585	-55.150920	-5.912611	-10.607758  0.000000	 0.000000	 0.000000	 0.000000	 0.000000	 0.000000
290 1  0.008449	-0.134689  0.0 -0.26 0.0 -0.7 0.0 -0.7 3.14  43.478378	 25.755027	-22.172509 -48.447865	 31.661075	-28.476812	 83.241458	-88.098987 -11.183278	 66.786649	 12.514364	 27.670706	-76.276631  28.568619	 5.114514	 32.448780	-30.237022	-9.320374	-12.233640  0.000000	 0.000000	 0.000000	 0.000000	 0.000000	 0.000000
300 1  0.003716	-0.137737  0.0 -0.26 0.0 -0.7 0.0 -0.7 3.14  34.719699	 1.123621	-22.331245 -59.809946	 43.856053	 42.380289	 34.665940	 67.940175 -12.096284	 60.787685	 66.202682	 76.765101	-76.330608  68.592602	 61.653989	 25.808263	-25.967172	-13.075009	-7.899656  0.000000	 0.000000	 0.000000	 0.000000	 0.000000	 0.000000
310 1  0.077661	-0.144807  0.0 -0.26 0.0 -0.7 0.0 -0.7 3.14  18.814267	-14.883058	-14.148804 -10.381382	 71.202480	 36.896610	 44.660507	-48.919408 -92.667673	 74.403571	-32.995471	 27.865941	 57.081942  59.062189	 42.223812	-13.687572	-31.026320	-17.486912	-12.731981  0.000000	 0.000000	 0.000000	 0.000000	 0.000000	 0.000000
320 1  0.050163	-0.160069  0.0 -0.26 0.0 -0.7 0.0 -0.7 3.14  65.028415	 2.139471	-3.710704 -75.780434	 65.254245	 6.788374	 48.095092	-88.989353 -37.338072	 75.273548	-17.427586	 79.604141	 58.944238 -23.193176	 24.859533	 60.418447	-4.916734	-8.188068	-8.136823  0.000000	 0.000000	 0.000000	 0.000000	 0.000000	 0.000000
330 1  0.019465	-0.004021  0.0 -0.26 0.0 -0.7 0.0 -0.7 3.14  18.728069	 19.516232	-29.425040 -53.996450	 32.689228	-3.556779	 103.068912	 15.910967 -15.467172	 63.263580	 27.026079	 72.489946	-59.979505 -2.004334	 1.683854	 1.886737	-39.491886	-18.472281	 4.795636  0.000000	 0.000000	 0.000000	 0.000000	 0.000000	 0.000000
340 1  0.039190	-0.116598  0.0 -0.26 0.0 -0.7 0.0 -0.7 3.14  61.223549	 9.595970	-46.943571 -42.392362	 63.089059	-4.862988	 84.076332	 58.847786 -65.977438	 54.803761	 25.139136	 74.693645	-35.524511 -5.195710	 2.233750	 50.965477	-26.560359	-15.369269	-3.798772  0.000000	 0.000000	 0.000000	 0.000000	 0.000000	 0.000000
350 1  0.043206	-0.135248  0.0 -0.26 0.0 -0.7 0.0 -0.7 3.14 -19.516627	-3.518554	-49.202539 -47.484733	 49.254292	-4.735359	 64.885305	-68.340883 -31.749394	 84.677686	 66.842049	 39.556424	 69.597106  17.198370	 0.504243	-74.210630	-28.049081	-13.987983	-17.214626  0.000000	 0.000000	 0.000000	 0.000000	 0.000000	 0.000000
360 1 -0.002435	-0.097805  0.0 -0.26 0.0 -0.7 0.0 -0.7 3.14  7.702476	 10.143829	-38.419006 -27.315279	 68.643975	 16.704998	 37.031331	-51.271428 -48.301674	 72.920943	-17.064687	 75.915839	-75.103408  58.727514	 43.110313	-17.161950	-45.760863	-15.328917	-13.576666  0.000000	 0.000000	 0.000000	 0.000000	 0.000000	 0.000000
370 1  0.098155	-0.184187  0.0 -0.26 0.0 -0.7 0.0 -0.7 3.14  59.838821	 6.021450	-45.362662 -5.619647	 55.425257	 15.228937	 46.829097	 56.082522 -25.215164	 81.840214	-15.905220	 35.422972	 2.617960  33.997647	 68.480884	 53.493993	-0.574028	-16.211370	-14.640871  0.000000	 0.000000	 0.000000	 0.000000	 0.000000	 0.000000
380 1  0.013915	-0.124093  0.0 -0.26 0.0 -0.7 0.0 -0.7 3.14  56.428430	-14.577133	-31.041421 -79.635909	 60.058696	 49.380421	 91.085404	 28.010748 -61.081556	 38.805755	 59.832410	 45.652832	-30.696005  88.480632	 46.006352	-72.408124	-9.123616	 11.880287	-14.686876  0.000000	 0.000000	 0.000000	 0.000000	 0.000000	 0.000000
390 1  0.024954	-0.084249  0.0 -0.26 0.0 -0.7 0.0 -0.7 3.14  48.798779	 14.658682	-37.982083 -21.298533	 33.868057	-17.884579	 61.726439	-2.888755 -35.855413	 28.004782	 16.526456	 21.270890	 5.083046  87.050960	 89.846455	-71.679899	-26.506187	-8.815088	-10.054320  0.000000	 0.000000	 0.000000	 0.000000	 0.000000	 0.000000
400 1  0.021614	-0.071827  0.0 -0.26 0.0 -0.7 0.0 -0.7 3.14 -0.643679	 18.171024	-18.920856 -81.391124	 38.587240	 55.414313	 53.995837	-33.830891 -3.276127	 52.244607	-21.298309	 69.334766	 11.174431  31.844465	 76.125050	-53.684810	-26.630733	-16.434132	-18.141698  0.000000	 0.000000	 0.000000	 0.000000	 0.000000	 0.000000
410 1 -0.003657	-0.028945  0.0 -0.26 0.0 -0.7 0.0 -0.7 3.14  26.336879	-13.964548	-19.920094 -45.942721	 83.140891	-23.655869	 81.447128	-78.007872 -13.093527	 90.479828	 1.492021	 37.865244	-89.244128  65.218507	 9.874394	-26.284650	-7.847043	 13.808473	 3.520725  0.000000	 0.000000	 0.000000	 0.000000	 0.000000	 0.000000
420 1  0.035370	-0.002776  0.0 -0.26 0.0 -0.7 0.0 -0.7 3.14  3.044889	 13.117580	 1.509200 -66.345948	 58.523168	 6.036623	 79.211036	-34.574538 -11.318883	 44.086877	-4.257700	 59.162055	-85.661447  87.978735	 59.963202	-45.938093	-29.004390	-10.478216	-1.568497  0.000000	 0.000000	 0.000000	 0.000000	 0.000000	 0.000000
430 1  0.037018	-0.145539  0.0 -0.26 0.0 -0.7 0.0 -0.7 3.14  6.174909	-23.866356	-44.557906 -18.144748	 80.828584	 44.808364	 20.318666	 25.981574 -57.602608	 82.414690	-7.152564	 81.440282	 45.445429  32.649868	 83.994793	 54.956052	-22.485762	-11.527926	-15.990178  0.000000	 0.000000	 0.000000	 0.000000	 0.000000	 0.000000
440 1  0.007944	-0.031505  0.0 -0.26 0.0 -0.7 0.0 -0.7 3.14  67.924712	 17.539452	-48.126652 -11.766290	 39.939974	 33.412960	 93.192564	-13.683374 -15.761213	 72.327476	-2.658795	 61.666720	 60.218702  6.892079	 70.602293	-43.274316	-9.633688	 6.741016	-7.999729  0.000000	 0.000000	 0.000000	 0.000000	 0.000000	 0.000000
450 1  0.015235	-0.088277  0.0 -0.26 0.0 -0.7 0.0 -0.7 3.14 -8.590390	 19.256837	-11.898920 -25.534598	 98.465362	-27.627872	 91.844567	 52.748203 -38.895438	 43.805536	 51.815825	 77.652877	-51.594098  75.024387	 57.429043	-53.565785	-12.580593	-2.984283	-19.041047  0.000000	 0.000000	 0.000000	 0.000000	 0.000000	 0.000000
460 1  0.085518	-0.099985  0.0 -0.26 0.0 -0.7 0.0 -0.7 3.14  68.767795	 14.094854	-23.645667 -28.242683	 67.221805	 54.274803	 74.713510	-18.993285 -66.663515	 39.092248	 11.962107	 87.932222	-80.692399  15.356894	 65.400899	-57.495296	-26.453390	-13.230277	-20.845614  0.000000	 0.000000	 0.000000	 0.000000	 0.000000	 0.000000
470 1  0.052988	-0.228173  0.0 -0.26 0.0 -0.7 0.0 -0.7 3.14  58.371534	 19.135339	 1.036386 -89.720499	 28.218866	 15.941402	 19.206502	 14.760465 -26.785627	 82.274176	-27.726251	 79.690968	-1.887100 -24.771755	 39.868205	 59.498556	-23.660470	-15.914988	-21.968661  0.000000	 0.000000	 0.000000	 0.000000	 0.000000	 0.000000
480 1  0.057920	-0.183764  0.0 -0.26 0.0 -0.7 0.0 -0.7 3.14  54.520146	-15.465102	-38.805583 -59.755621	 78.417192	-17.111251	 27.296326	 54.339017 -54.953156	 91.144872	-6.664920	 89.439904	 18.776901  78.507462	 48.994061	-26.542466	-14.744833	-3.193822	-15.335251  0.000000	 0.000000	 0.000000	 0.000000	 0.000000	 0.000000
490 1 -0.002513	-0.019321  0.0 -0.26 0.0 -0.7 0.0 -0.7 3.14  39.765996	 11.691063	-33.191678 -7.653649	 35.443334	-26.498722	 50.505854	 11.286235 -26.165595	 51.778915	 3.830948	 43.891791	 34.298627  53.512832	 2.001998	-4.995715	-30.392263	-3.353862	 4.083216  0.000000	 0.000000	 0.000000	 0.000000	 0.000000	 0.000000
500 1  0.020999	-0.135052  0.0 -0.26 0.0 -0.7 0.0 -0.7 3.14  9.012172	-17.423661	-10.334138 -9.580013	 69.323346	-1.725575	 95.694069	 33.072733 -50.797093	 52.995899	-8.806843	 31.313889	 70.949680  87.566524	 69.265766	-12.501399	-29.203085	-11.223388	-11.625240  0.000000	 0.000000	 0.000000	 0.000000	 0.000000	 0.000000
510 1  0.047286	-0.142403  0.0 -0.26 0.0 -0.7 0.0 -0.7 3.14  51.891981	 8.705200	-32.170323  0.115145	 59.631773	 18.125103	 65.024373	 39.066544 -25.348695	 80.697388	 0.158625	 37.991029	 43.800445  52.039699	 15.991235	-29.201508	-53.588229	-19.346330	-20.674976  0.000000	 0.000000	 0.000000	 0.000000	 0.000000	 0.000000
520 1  0.008060	-0.079424  0.0 -0.26 0.0 -0.7 0.0 -0.7 3.14  47.774982	-0.536323	-8.541777 -53.952754	 89.741108	-0.758612	 31.552740	 48.915409 -81.312354	 44.256442	 22.797733	 27.220421	 30.133531  26.172933	 28.248279	-55.907719	-2.644777	 13.302859	-17.628953  0.000000	 0.000000	 0.000000	 0.000000	 0.000000	 0.000000
530 1  0.040797	-0.143930  0.0 -0.26 0.0 -0.7 0.0 -0.7 3.14  18.608163	-13.826319	-37.060692 -34.566841	 55.971244	 14.278404	 27.333818	 31.336425 -46.069286	 41.472170	-30.270814	 89.270534	 26.112138 -9.874331	 30.069530	 2.592011	-0.024584	-0.324665	-14.223723  0.000000	 0.000000	 0.000000	 0.000000	 0.000000	 0.000000
540 1  0.045241	-0.041755  0.0 -0.26 0.0 -0.7 0.0 -0.7 3.14  20.677308	-7.752927	-29.274760  3.755714	 46.404252	 30.134077	 21.211164	-58.929567 -82.175046	 48.171121	 39.933603	 28.230719	-25.809267 -10.880425	 29.108388	 21.254739	-10.542999	-8.918793	 0.468836  0.000000	 0.000000	 0.000000	 0.000000	 0.000000	 0.000000
550 1  0.002675	-0.175685  0.0 -0.26 0.0 -0.7 0.0 -0.7 3.14  57.435944	-11.127123	-0.164396 -0.186434	 65.486932	 26.519095	 23.085403	 64.184636 -46.417668	 26.241255	 17.064064	 104.728831	-31.938310  45.155167	 48.657865	-36.355787	-21.273948	 3.820946	-20.576738  0.000000	 0.000000	 0.000000	 0.000000	 0.000000	 0.000000
560 1 -0.018489	-0.057522  0.0 -0.26 0.0 -0.7 0.0 -0.7 3.14  15.353014	 16.764489	-3.108725 -70.794450	 90.821997	 14.914120	 55.234249	 84.103507 -17.200816	 86.451960	 70.815909	 49.420146	-36.482624  16.752662	 61.344764	 44.131902	-13.848695	 1.508474	-4.338709  0.000000	 0.000000	 0.000000	 0.000000	 0.000000	 0.000000
570 1  0.000901	-0.021583  0.0 -0.26 0.0 -0.7 0.0 -0.7 3.14  12.438477	 23.815242	-37.709844 -45.265382	 30.162788	 51.388129	 83.985899	-29.222572 -35.790996	 67.456825	 20.164494	 39.658148	 54.016124  77.398759	 76.592677	-29.071961	-28.208626	-6.088584	-1.461868  0.000000	 0.000000	 0.000000	 0.000000	 0.000000	 0.000000
580 1  0.073025	-0.117038  0.0 -0.26 0.0 -0.7 0.0 -0.7 3.14 -13.144900	-10.646221	-33.289501  1.669775	 33.782214	-35.923943	 54.064423	-62.000383 -38.194649	 43.590933	-25.694254	 98.551589	 28.834686  46.569575	 54.063893	-16.998308	-6.989850	-8.793629	-15.825252  0.000000	 0.000000	 0.000000	 0.000000	 0.000000	 0.000000
590 1  0.038502	-0.091310  0.0 -0.26 0.0 -0.7 0.0 -0.7 3.14  66.215526	 21.227063	-23.153450 -71.579800	 57.872645	-19.227193	 91.188781	 35.430098 -42.227797	 70.251174	-36.828784	 21.872132	 87.591814  44.637511	 74.642369	-39.478579	-3.950382	 6.755058	-10.063901  0.000000	 0.000000	 0.000000	 0.000000	 0.000000	 0.000000
600 1  0.032560	-0.012525  0.0 -0.26 0.0 -0.7 0.0 -0.7 3.14  30.791780	-7.028342	 9.327442 -23.268328	 39.747907	 1.350412	 32.323549	-44.830883  7.437236	 92.010010	-15.372343	 36.903854	-17.799141 -1.391318	 69.448400	-0.536385	-9.449254	-1.967670	-1.943735  0.000000	 0.000000	 0.000000	 0.000000	 0.000000	 0.000000
610 1 -0.005948	-0.044385  0.0 -0.26 0.0 -0.7 0.0 -0.7 3.14  65.720183	-2.214713	-11.070990 -39.462992	 30.986123	 74.842850	 46.345880	-42.550487 -80.647479	 67.392963	-34.264698	 54.558869	 26.993072  34.922799	 81.039849	 28.753024	-19.077691	-7.389221	 7.132967  0.000000	 0.000000	 0.000000	 0.000000	 0.000000	 0.000000
620 1 -0.016393	-0.152986  0.0 -0.26 0.0 -0.7 0.0 -0.7 3.14  62.922570	-1.042405	-32.629338 -50.272871	 87.126068	 1.070284	 38.711917	 37.896329 -78.140781	 42.333392	 44.025759	 41.763141	-62.454580  40.323512	 44.417878	-14.069513	-16.389755	 8.966730	-15.001988  0.000000	 0.000000	 0.000000	 0.000000	 0.000000	 0.000000
630 1  0.034011	-0.150271  0.0 -0.26 0.0 -0.7 0.0 -0.7 3.14  5.484044	-23.288936	-27.102065 -21.202813	 44.368241	-23.709900	 16.641057	-15.548169 -17.100592	 94.570552	 36.261921	 58.219294	 12.225339 -1.891106	 42.264730	 6.212262	-22.546160	-15.477004	-14.864470  0.000000	 0.000000	 0.000000	 0.000000	 0.000000	 0.000000
640 1  0.078235	-0.204700  0.0 -0.26 0.0 -0.7 0.0 -0.7 3.14  18.803274	-8.856843	-15.632740 -76.218203	 55.824352	 66.476220	 17.724832	-20.780995 -1.164449	 78.874894	-10.278346	 47.421888	-71.299802  62.080375	 59.190132	 49.895521	-13.486474	-18.900126	-17.487412  0.000000	 0.000000	 0.000000	 0.000000	 0.000000	 0.000000
650 1  0.065409	-0.111894  0.0 -0.26 0.0 -0.7 0.0 -0.7 3.14  18.134273	-9.478522	-16.790115 -17.327177	 44.852633	 65.768268	 35.547605	 61.260171 -52.733422	 60.592203	 1.507299	 51.214317	-50.123319  48.884769	 47.948384	-58.086418	-2.864282	 1.161771	-18.636541  0.000000	 0.000000	 0.000000	 0.000000	 0.000000	 0.000000
660 1  0.028251	-0.063807  0.0 -0.26 0.0 -0.7 0.0 -0.7 3.14  9.933432	-19.955700	-23.520309 -27.444588	 76.639835	 26.285941	 40.913879	-42.264219 -53.322285	 99.648149	 15.248230	 90.041444	 50.459187  63.270971	 33.111771	-4.924181	-11.638767	 0.115906	 0.798609  0.000000	 0.000000	 0.000000	 0.000000	 0.000000	 0.000000
670 1  0.024106	-0.167009  0.0 -0.26 0.0 -0.7 0.0 -0.7 3.14 -17.240872	-24.801355	-35.831407 -46.791098	 43.791274	 40.236557	 74.893605	-87.836831 -38.532065	 95.861874	 28.968870	 16.550131	 14.433444  76.947359	 84.619281	 5.012445	-20.313466	-8.358186	-21.831544  0.000000	 0.000000	 0.000000	 0.000000	 0.000000	 0.000000
680 1 -0.014907	-0.038793  0.0 -0.26 0.0 -0.7 0.0 -0.7 3.14  33.366764	 16.030900	-48.829609  2.578737	 71.532678	 72.020717	 89.335189	 6.972953  9.848375	 48.213618	 9.817755	 104.529797	 2.811586 -28.221681	 62.417574	-71.490585	-12.805022	-6.199601	-10.590623  0.000000	 0.000000	 0.000000	 0.000000	 0.000000	 0.000000
690 1  0.008603	-0.098410  0.0 -0.26 0.0 -0.7 0.0 -0.7 3.14  67.092876	-0.439510	 5.862016 -10.778413	 36.699706	-17.226763	 49.514014	-28.864985 -43.046375	 35.853424	 33.174474	 55.451325	 43.039910  82.898924	 55.834627	-52.801524	-50.459910	-15.945042	-3.688162  0.000000	 0.000000	 0.000000	 0.000000	 0.000000	 0.000000
700 1  0.036009	-0.216275  0.0 -0.26 0.0 -0.7 0.0 -0.7 3.14  50.425525	 2.703517	-6.425377 -40.151929	 76.242220	-25.069110	 38.489999	-5.432175 -61.382042	 98.749216	 2.519436	 75.269124	-72.383713 -24.372858	 15.231961	 73.226561	-8.725210	-12.561916	-19.754677  0.000000	 0.000000	 0.000000	 0.000000	 0.000000	 0.000000
710 1  0.084953	-0.130193  0.0 -0.26 0.0 -0.7 0.0 -0.7 3.14  22.428246	 25.977885	-38.210000 -18.468063	 28.756688	 34.512035	 21.513002	 26.219363 -69.170634	 70.912095	 63.991357	 60.472585	-49.010714  0.512122	 79.387799	 44.053987	-7.198919	-8.911273	-17.225572  0.000000	 0.000000	 0.000000	 0.000000	 0.000000	 0.000000
720 1  0.038075	-0.087547  0.0 -0.26 0.0 -0.7 0.0 -0.7 3.14  68.763686	-14.006318	-19.407174 -40.684169	 94.755972	 57.282347	 33.239591	-42.840596 -82.327094	 84.658699	-36.068838	 54.496654	 80.824953 -21.505434	 73.015800	 53.414530	-19.567844	-9.382073	-1.997249  0.000000	 0.000000	 0.000000	 0.000000	 0.000000	 0.000000
730 1 -0.009435	-0.157616  0.0 -0.26 0.0 -0.7 0.0 -0.7 3.14  9.702836	 10.999619	-12.070087 -85.369091	 41.451659	 69.075310	 54.910452	 15.330221 -78.989774	 30.913759	-16.561660	 23.351936	-8.805773  83.323674	 73.539436	-4.368568	-16.386202	 1.946148	-16.506160  0.000000	 0.000000	 0.000000	 0.000000	 0.000000	 0.000000
740 1 -0.009244	-0.052265  0.0 -0.26 0.0 -0.7 0.0 -0.7 3.14  27.989590	 16.357969	 4.640252 -50.931033	 68.451229	-17.563407	 81.612508	 17.563360 -35.623987	 37.924222	 34.865716	 49.114495	-11.171710 -10.631263	 56.176972	-60.653062	-35.239535	-16.803653	-14.970930  0.000000	 0.000000	 0.000000	 0.000000	 0.000000	 0.000000
750 1  0.076525	-0.085367  0.0 -0.26 0.0 -0.7 0.0 -0.7 3.14  8.007349	 9.873135	-43.964590 -70.408590	 63.092646	 17.968698	 85.011448	-52.188225 -50.785545	 39.110651	-32.593102	 55.686387	 54.119876  9.473905	 46.059928	 74.070048	-1.833039	-8.485776	-7.100069  0.000000	 0.000000	 0.000000	 0.000000	 0.000000	 0.000000
760 1  0.098251	-0.178934  0.0 -0.26 0.0 -0.7 0.0 -0.7 3.14  55.312627	-24.232112	-17.241911 -52.500483	 53.871439	-29.957709	 81.175191	-78.891834  8.714066	 43.038155	 37.565889	 41.845749	-32.210422  50.029002	 56.019597	-28.549246	-20.450645	-12.492213	-17.095770  0.000000	 0.000000	 0.000000	 0.000000	 0.000000	 0.000000
770 1  0.004023	-0.100317  0.0 -0.26 0.0 -0.7 0.0 -0.7 3.14  20.551261	 5.182129	-6.550944 -70.819266	 33.974800	-11.354108	 94.585909	 3.247866 -56.506644	 26.656442	 29.570966	 31.416527	 23.940101 -4.767131	 19.380981	-2.904497	-37.991952	-15.159186	-9.460556  0.000000	 0.000000	 0.000000	 0.000000	 0.000000	 0.000000
780 1  0.000399	-0.079139  0.0 -0.26 0.0 -0.7 0.0 -0.7 3.14  28.394947	 8.531342	-10.038571 -16.628722	 35.139906	-17.682225	 39.988713	-74.488232 -74.416963	 40.202537	-9.381927	 25.073240	 35.360630 -28.846468	 32.090520	-73.307546	-11.737140	-3.088761	-14.918675  0.000000	 0.000000	 0.000000	 0.000000	 0.000000	 0.000000
790 1  0.073217	-0.120742  0.0 -0.26 0.0 -0.7 0.0 -0.7 3.14  51.062255	-24.362557	-30.643784  5.272852	 83.983048	 24.898583	 41.813091	-52.947322 -60.127964	 92.329104	 48.410248	 80.098397	 65.763922  76.712594	 26.346284	-61.075934	-31.302152	-7.796267	-15.217528  0.000000	 0.000000	 0.000000	 0.000000	 0.000000	 0.000000
800 1  0.023916	-0.008199  0.0 -0.26 0.0 -0.7 0.0 -0.7 3.14  59.589305	-20.780035	-22.208858 -21.685073	 29.317507	 40.667534	 28.284405	 19.445645 -73.717427	 98.379919	-15.841777	 81.405685	-38.747723  40.822710	 43.797900	 68.456406	-1.575695	-15.575095	 12.430752  0.000000	 0.000000	 0.000000	 0.000000	 0.000000	 0.000000
810 1  0.056349	-0.191101  0.0 -0.26 0.0 -0.7 0.0 -0.7 3.14 -12.131957	-23.503635	-30.112138 -30.935773	 26.101542	 28.051807	 71.161226	-28.345520  2.482273	 55.786168	 31.098783	 55.122764	 87.064253 -29.520592	 34.868000	 25.804952	-8.915427	-17.286019	-20.903383  0.000000	 0.000000	 0.000000	 0.000000	 0.000000	 0.000000
820 1  0.073301	-0.133201  0.0 -0.26 0.0 -0.7 0.0 -0.7 3.14 -3.438779	-3.576516	-4.511124 -3.112734	 63.260872	 1.550341	 20.811900	 35.729974  8.709175	 35.797316	-2.118858	 37.352568	-26.552666  60.164116	 17.915886	 50.040486	-5.570653	-15.987495	-9.510285  0.000000	 0.000000	 0.000000	 0.000000	 0.000000	 0.000000
830 1 -0.008798	-0.126417  0.0 -0.26 0.0 -0.7 0.0 -0.7 3.14  22.808559	-9.488260	 2.779241 -31.858504	 40.161676	 13.779522	 84.264562	 8.198299 -24.951507	 85.599984	-14.383627	 104.005862	-19.906539  62.807646	 77.198074	-10.698159	-2.323194	 9.838404	-12.437104  0.000000	 0.000000	 0.000000	 0.000000	 0.000000	 0.000000
840 1 -0.009890	-0.126847  0.0 -0.26 0.0 -0.7 0.0 -0.7 3.14 -9.698437	-23.035405	-22.901453 -74.432268	 40.812279	-25.195159	 16.664099	 10.057002 -33.948171	 79.162097	 61.434766	 38.521064	-62.511621  19.537914	 27.494042	 41.875794	-16.853517	-11.110418	-8.579197  0.000000	 0.000000	 0.000000	 0.000000	 0.000000	 0.000000
850 1  0.062583	-0.090912  0.0 -0.26 0.0 -0.7 0.0 -0.7 3.14  56.672289	-21.021663	-13.358353 -5.977787	 83.381737	 58.921111	 39.396797	-30.424126 -75.376135	 96.427201	-33.093501	 71.788714	 24.698290  60.233726	 62.452656	-22.678887	-15.732536	-5.568777	-2.165192  0.000000	 0.000000	 0.000000	 0.000000	 0.000000	 0.000000
860 1  0.052949	-0.035175  0.0 -0.26 0.0 -0.7 0.0 -0.7 3.14  41.259507	 15.284132	-7.536570 -4.390090	 74.686572	 18.311993	 47.975233	-45.920944  5.591956	 47.260963	 42.594463	 25.319103	 5.902714 -27.632001	 47.418314	-52.266928	-17.744666	-13.230988	-9.984056  0.000000	 0.000000	 0.000000	 0.000000	 0.000000	 0.000000
870 1  0.022465	-0.110864  0.0 -0.26 0.0 -0.7 0.0 -0.7 3.14  54.242839	 6.569751	-47.583701 -14.253173	 69.129208	-30.665210	 46.967748	 43.461066 -44.982030	 83.534750	-11.221202	 69.006206	-14.511282  5.870529	 53.295161	-25.584065	-15.166670	 0.948817	-17.742998  0.000000	 0.000000	 0.000000	 0.000000	 0.000000	 0.000000
880 1  0.014178	-0.086652  0.0 -0.26 0.0 -0.7 0.0 -0.7 3.14  48.571502	-9.759951	-45.722961 -5.744783	 81.160765	 32.495811	 91.528569	 20.445092 -1.538689	 89.583887	 52.028776	 86.014068	 68.509399 -12.303138	 5.797317	-44.335792	-14.323692	 4.154711	-12.544927  0.000000	 0.000000	 0.000000	 0.000000	 0.000000	 0.000000
890 1  0.089504	-0.026566  0.0 -0.26 0.0 -0.7 0.0 -0.7 3.14  43.561397	 25.802987	-25.340388 -57.630874	 49.708151	 35.683497	 38.476447	-5.373706 -70.165159	 51.284518	-4.628555	 34.431766	 68.880652  73.046416	 54.687903	-33.244006	-7.015000	-7.098983	 2.788108  0.000000	 0.000000	 0.000000	 0.000000	 0.000000	 0.000000
900 1 -0.002783	-0.172138  0.0 -0.26 0.0 -0.7 0.0 -0.7 3.14  12.720912	 1.822829	-26.931183 -47.653077	 52.320132	 62.993075	 40.957578	-11.439336 -13.922061	 69.112299	 54.535769	 37.868471	-84.160830  84.324553	 71.515757	-10.484548	-23.816418	-4.810209	-18.958566  0.000000	 0.000000	 0.000000	 0.000000	 0.000000	 0.000000
910 1  0.018675	-0.029732  0.0 -0.26 0.0 -0.7 0.0 -0.7 3.14  49.889276	-21.411123	-32.680380 -9.225973	 92.608615	 51.619953	 26.663438	 86.039866 -86.967070	 53.332239	-25.248886	 54.870259	-12.444763  16.662905	 57.984169	-32.270755	-18.717079	-0.349711	-3.926479  0.000000	 0.000000	 0.000000	 0.000000	 0.000000	 0.000000
920 1  0.008772	-0.172066  0.0 -0.26 0.0 -0.7 0.0 -0.7 3.14  52.130933	-4.224993	-8.426656 -26.240830	 44.653302	-23.324647	 84.265867	-65.242306 -78.154359	 66.890707	 19.636290	 45.460516	-77.642426  67.035114	 0.441739	 14.881946	-1.149391	 2.963176	-20.013664  0.000000	 0.000000	 0.000000	 0.000000	 0.000000	 0.000000
930 1  0.008354	-0.083543  0.0 -0.26 0.0 -0.7 0.0 -0.7 3.14  6.940283	-1.073072	 8.270105 -67.744511	 40.127741	 5.793907	 31.354277	 24.940062 -47.404439	 80.730318	-11.410696	 34.234949	-65.384960  46.208673	 60.644359	 34.692047	-4.139415	 2.234842	-3.638382  0.000000	 0.000000	 0.000000	 0.000000	 0.000000	 0.000000
940 1  0.022914	-0.004346  0.0 -0.26 0.0 -0.7 0.0 -0.7 3.14  2.849265	-10.933233	-42.600772 -84.894989	 58.365161	-29.952996	 50.886662	-70.105550 -34.709965	 27.026329	 60.247587	 57.119684	 87.207243  53.212475	 5.644406	 22.097624	-14.797800	-6.777938	 10.369015  0.000000	 0.000000	 0.000000	 0.000000	 0.000000	 0.000000
950 1  0.001288	-0.028441  0.0 -0.26 0.0 -0.7 0.0 -0.7 3.14 -0.308824	 9.812521	-42.636463 -25.064872	 44.189838	-36.873277	 63.393436	 23.907726 -67.547435	 85.336671	-4.813355	 28.536372	-80.397636 -18.586857	 66.762392	-75.794346	-14.375490	-12.992850	-4.478172  0.000000	 0.000000	 0.000000	 0.000000	 0.000000	 0.000000
960 1  0.044509	-0.119272  0.0 -0.26 0.0 -0.7 0.0 -0.7 3.14  54.928627	-16.465333	 0.265351 -36.649688	 36.012756	-22.522105	 18.935581	 15.111244 -31.238127	 50.991378	-31.307464	 18.963684	-46.495003  1.094464	 28.305801	 0.809943	-19.944338	-6.504249	-5.116426  0.000000	 0.000000	 0.000000	 0.000000	 0.000000	 0.000000
970 1  0.030792	-0.105312  0.0 -0.26 0.0 -0.7 0.0 -0.7 3.14 -1.534529	-11.548676	-46.882445 -95.296638	 91.053012	 23.883977	 37.878505	 0.157506 -62.961453	 67.599390	 16.388528	 23.486538	 86.405645  61.968026	 13.504051	 10.608825	-24.734929	-10.985325	-4.247188  0.000000	 0.000000	 0.000000	 0.000000	 0.000000	 0.000000
980 1 -0.008678	-0.190217  0.0 -0.26 0.0 -0.7 0.0 -0.7 3.14  64.202486	-2.879666	-31.806122 -50.068274	 78.213823	 21.299284	 95.613226	 32.722253 -45.973273	 56.688383	 49.800934	 68.236947	 49.629934  48.360287	 53.676937	-6.716661	-33.728767	-5.372175	-16.736508  0.000000	 0.000000	 0.000000	 0.000000	 0.000000	 0.000000
990 1  0.015648	-0.003976  0.0 -0.26 0.0 -0.7 0.0 -0.7 3.14  51.765895	-4.566943	-17.672287 -79.773828	 48.598719	 65.825221	 26.224974	-5.780178 -54.948094	 26.639876	 3.434811	 33.325472	-29.636755  79.029325	 1.897543	-50.478800	-73.737094	-18.895588	 5.011922  0.000000	 0.000000	 0.000000	 0.000000	 0.000000	 0.000000
