0 1  0.036068	-0.058498  0.0 -0.26 0.0 -0.7 0.0 -0.7 3.14  12.043874	-23.279108	-34.385171 -22.164680	 38.202521	 72.349137	 64.562802	-14.720124 -14.427093	 44.338381	-27.267204	 85.064274	-31.623101  82.843177	 44.859324	-12.660692	-39.101305	-17.352437	 0.824305 -23.378564	 52.774379	 77.806799	-80.534499	-16.719508	-21.759073
10 1  0.069458	-0.012525  0.0 -0.26 0.0 -0.7 0.0 -0.7 3.14  56.000183	-7.585817	-49.975905 -25.545379	 75.517045	 28.708430	 25.313338	-48.424159 -17.885270	 69.137888	 14.300436	 90.355984	-32.265652  68.927495	 0.069032	-6.436084	-60.335326	-8.571286	 8.056041  77.418393	 8.022071	 40.283890	-3.970154	 22.397930	-19.442270
20 1 -0.004220	-0.007520  0.0 -0.26 0.0 -0.7 0.0 -0.7 3.14  28.095920	 0.648249	-42.641180 -35.676519	 65.051479	-0.765557	 53.700028	-50.167097  5.853158	 87.850821	-15.376920	 31.745152	 53.444607  16.801040	 81.256318	 6.457796	-25.327830	-1.963070	-5.088410  79.807447	 62.006801	-1.795933	-37.136769	 21.833468	-12.775748
30 1 -0.007920	-0.171698  0.0 -0.26 0.0 -0.7 0.0 -0.7 3.14  51.667220	-0.730418	-14.094485 -22.738166	 98.350746	-7.813417	 37.415594	 6.885933 -38.293541	 62.516716	 62.549023	 56.599066	-76.421240  38.195871	 65.178963	 48.465165	-27.531237	-11.253571	-7.682189  76.932854	 68.167745	-27.902170	-89.793891	-3.149435	-10.520173
40 1 -0.003253	-0.189184  0.0 -0.26 0.0 -0.7 0.0 -0.7 3.14  36.535708	-17.422288	-37.634783 -41.833944	 24.825433	 41.293464	 36.552692	-87.622300 -54.730008	 83.247622	 61.590399	 52.613948	-20.298858  87.324386	 5.900244	 23.201240	-89.449268	-12.217695	-11.749789  89.434978	 7.087340	-38.598503	-43.881827	-15.689860	-12.381411
50 1 -0.019897	-0.041476  0.0 -0.26 0.0 -0.7 0.0 -0.7 3.14  26.761538	-13.455756	-13.149292 -94.263795	 68.904061	 31.152666	 40.125684	 43.307538 -13.818463	 85.964376	 41.887491	 84.234126	-47.642864  77.290357	 88.045213	 22.296600	-4.833150	 8.193211	 10.456094  66.445381	 42.944924	 18.228136	-16.429250	 26.869548	-7.893594
60 1  0.090610	-0.048542  0.0 -0.26 0.0 -0.7 0.0 -0.7 3.14 -11.513298	 2.343631	-11.339138 -4.415945	 88.331777	 72.191195	 69.621578	-1.988772 -72.327857	 49.080226	 71.461851	 74.449555	-76.979630  49.040211	 10.313617	-51.371314	-33.509561	-18.172923	-4.309334 -8.182819	 58.792447	 50.543774	-40.597480	 10.661712	-3.386189
70 1  0.023316	-0.044528  0.0 -0.26 0.0 -0.7 0.0 -0.7 3.14 -3.393307	 0.516066	-41.442642 -72.380864	 89.088410	-22.570110	 16.199295	 47.594117 -80.609647	 77.289167	-18.348161	 74.936384	-66.352903 -6.548615	 52.517301	 56.048340	-24.540827	-13.959323	-5.545650  87.735710	 57.537192	 10.263624	-85.369812	 32.819836	-7.005859
80 1  0.065726	-0.039086  0.0 -0.26 0.0 -0.7 0.0 -0.7 3.14  51.205042	 2.827401	-28.732290 -52.050203	 35.186633	 17.603431	 25.310058	 38.772929 -50.758786	 80.887231	-11.646941	 15.256874	-53.821962  70.332841	 44.390349	-71.632329	-16.002212	 6.333832	-8.798688  45.884975	 20.658042	-42.371396	-38.564395	 38.059571	 0.743642
90 1 -0.006284	-0.259740  0.0 -0.26 0.0 -0.7 0.0 -0.7 3.14 -8.233899	-5.831499	-34.404528 -66.683302	 31.120909	 14.710968	 43.935428	-61.113903 -5.346420	 59.514293	 7.397130	 44.402304	 79.468627  5.992665	 6.448465	-17.734728	-36.510772	-17.677857	-21.791606  29.413811	 58.958972	-8.934923	-91.468929	 16.618608	-4.174159
100 1 -0.008336	-0.118209  0.0 -0.26 0.0 -0.7 0.0 -0.7 3.14 -7.130578	-13.074830	-29.841721 -41.133136	 72.416477	 25.014357	 34.630856	-1.257439 -52.263270	 41.701789	 33.592507	 41.731272	 47.540890  68.231109	 4.800436	 12.584050	-17.722806	 6.176769	-1.158517  50.927880	 13.709483	-4.130205	-23.191802	-5.240295	-15.948649
110 1  0.075489	-0.136011  0.0 -0.26 0.0 -0.7 0.0 -0.7 3.14  40.643410	 3.510670	-1.050950 -51.334245	 46.073363	 77.615730	 92.073940	 45.344802 -5.936509	 40.927937	 34.355054	 42.889767	 52.691608  55.142786	 37.051946	-27.285711	-33.933341	-8.124952	-11.170087  47.726725	 54.032907	 73.688835	-67.029305	 17.528628	-20.263035
120 1  0.063564	-0.211545  0.0 -0.26 0.0 -0.7 0.0 -0.7 3.14  22.579533	-1.637932	 9.919149 -86.645363	 48.804275	-18.485879	 56.528250	 85.406847 -0.620134	 54.772366	 14.113014	 35.371961	 18.830125  30.821682	 13.503781	 1.385597	-30.832323	-13.865618	-16.316948  38.605968	 58.688292	 46.738819	-94.100734	-7.599039	 7.083871
130 1  0.073100	-0.019154  0.0 -0.26 0.0 -0.7 0.0 -0.7 3.14 -5.844561	-15.657355	-16.183368 -41.098242	 65.287020	-26.196831	 93.075618	-69.621019 -11.178140	 80.109046	-21.119839	 47.562814	-81.582056  88.160952	 54.818052	 30.451016	-1.008207	-4.800096	 18.148335  66.469933	 0.255517	-61.191312	-67.453582	 9.657397	 20.322604
140 1  0.031223	-0.092683  0.0 -0.26 0.0 -0.7 0.0 -0.7 3.14  37.011070	 25.802758	-42.548564  2.377140	 43.496020	-12.171633	 102.160097	-12.207522 -3.988673	 87.885006	 31.982110	 29.506251	-25.333643 -11.059856	 31.424924	-17.881087	-33.698547	-12.248852	-13.345436  70.673582	 31.323745	 5.740711	-30.435766	-13.548848	-1.424302
150 1 -0.009877	-0.104982  0.0 -0.26 0.0 -0.7 0.0 -0.7 3.14  22.244273	 0.214061	-46.740588 -82.222749	 78.933825	-6.242461	 60.350623	 73.875421 -93.925243	 72.821058	 2.587917	 58.630540	 54.884814  36.656658	 16.259012	-63.723050	-52.601242	-13.130574	-19.836652  37.601347	 77.023504	 67.562031	-42.666286	-16.352482	-16.879564
160 1  0.034312	-0.115012  0.0 -0.26 0.0 -0.7 0.0 -0.7 3.14  42.456012	 8.415072	-37.096890 -90.995834	 51.272702	 50.824417	 46.244530	-43.429777 -31.129426	 38.974139	-14.059034	 70.494705	 89.481318  77.277452	 25.375039	 4.382519	-1.910132	 10.078489	-1.916549  87.116572	 51.120543	 11.337552	-119.784074	 16.558224	-13.371223
170 1  0.001408	-0.068842  0.0 -0.26 0.0 -0.7 0.0 -0.7 3.14  21.537513	 3.618599	-21.283960 -62.990211	 74.870982	 41.526436	 103.739318	-6.326897 -31.198433	 76.050896	 43.755198	 98.352706	-6.482044  7.148053	 48.720998	 0.315139	-0.470447	 4.475824	-8.546602  0.451352	 40.346589	-29.321784	-87.276333	-3.827081	 21.671101
180 1 -0.012774	-0.001424  0.0 -0.26 0.0 -0.7 0.0 -0.7 3.14 -10.589944	-20.239390	-22.348883 -20.066256	 99.096917	 63.883815	 100.456743	-41.811349 -52.621808	 45.824217	 17.422377	 23.482591	-51.126575  74.156751	 11.034666	-76.959443	-2.742067	 19.718668	-14.746565  86.639589	 36.003096	 35.513749	-108.909492	 26.627106	 1.266765
190 1  0.062377	-0.181066  0.0 -0.26 0.0 -0.7 0.0 -0.7 3.14  50.178422	 2.863853	-8.239793 -66.372565	 35.160840	 19.426384	 18.157212	 86.017950 -78.773223	 33.799079	-36.214753	 30.659175	 48.019097  27.869570	 28.599592	-2.009437	-20.565161	-6.663922	-9.140695  8.359883	 59.067240	-16.176261	-17.631935	 38.889052	-17.757442
200 1  0.025685	-0.004094  0.0 -0.26 0.0 -0.7 0.0 -0.7 3.14  36.655013	 9.196265	-3.058441 -2.163428	 90.713811	-18.292312	 84.832930	-45.544674 -17.494982	 83.265168	 67.941696	 48.084623	 40.410647  57.152698	 40.472551	-37.221268	-29.754191	 3.774026	-2.263479  69.929453	 28.196230	 51.076198	-84.400608	-6.523523	-11.517206
210 1  0.023407	-0.152065  0.0 -0.26 0.0 -0.7 0.0 -0.7 3.14  32.760213	 10.969299	-38.886795 -48.353296	 95.285492	 68.432861	 93.531856	 0.088470 -95.364536	 37.194918	-7.017122	 19.877476	 48.182578  53.253690	 65.279780	 23.952533	-48.642860	-16.530812	-17.437653  3.168643	 2.121971	 73.350385	-99.338742	 7.464691	 1.428612
220 1  0.075567	-0.064959  0.0 -0.26 0.0 -0.7 0.0 -0.7 3.14  33.479557	 22.341629	-24.205587 -3.837275	 98.447610	 36.779224	 81.845419	-71.612950 -33.529410	 48.948914	-33.424146	 77.328296	-84.001684 -10.049798	 49.805902	-44.930484	-21.341652	-15.637497	-15.536630  49.570309	 45.842766	-22.577444	-14.645543	-11.424717	-0.527334
230 1  0.012664	-0.064880  0.0 -0.26 0.0 -0.7 0.0 -0.7 3.14  12.481161	 14.621877	-39.382399 -5.854872	 91.297005	 69.697170	 102.920173	 1.520180 -77.617355	 95.621500	-26.653527	 39.878343	 86.720578  62.937903	 41.819773	-36.009494	-7.681274	 10.059988	-12.168126  18.853164	 30.555439	-69.167917	-118.630307	-1.597238	 21.081162
240 1  0.056756	-0.009813  0.0 -0.26 0.0 -0.7 0.0 -0.7 3.14  33.894803	 19.349212	-17.925690 -13.731345	 75.377083	-17.157074	 58.277882	-79.506121 -77.756055	 62.854598	 14.840530	 98.891043	-25.126948  39.387668	 34.124268	 33.596578	-12.950733	-8.140268	 8.197510  13.489276	 29.291979	-1.741232	-95.124258	 22.185586	-7.126772
250 1  0.024456	-0.132557  0.0 -0.26 0.0 -0.7 0.0 -0.7 3.14  39.702484	-19.312709	-48.554401 -32.262286	 28.563708	 19.908317	 71.520546	 46.233244 -59.446049	 40.781472	 44.265770	 22.261824	-80.727696  42.648808	 26.215416	 29.739856	-11.188277	-4.866003	-2.920542  16.312955	 18.918053	 59.728529	-46.849770	 37.028684	-19.112310
260 1  0.075346	-0.129999  0.0 -0.26 0.0 -0.7 0.0 -0.7 3.14 -10.241465	-13.521539	-19.307723 -61.194894	 72.951882	 12.344855	 71.721024	 62.819755 -30.413448	 88.561791	 19.406929	 91.556747	-64.787191  26.467683	 23.374670	 27.874490	-16.735239	-16.993049	-3.730625  61.659716	 48.919784	 5.821698	-85.096847	-12.756111	 20.813401
270 1  0.039702	-0.099929  0.0 -0.26 0.0 -0.7 0.0 -0.7 3.14 -18.409906	-24.654666	-11.989595 -14.806750	 95.806197	 55.975087	 65.074467	 70.413703 -75.234317	 31.471436	 57.331857	 71.745125	-74.620107  86.470535	 34.964933	-47.921923	-16.415091	 5.488200	-14.946010  33.807349	 54.192964	-71.566426	-92.945946	-0.609816	-13.823164
280 1  0.074113	-0.009435  0.0 -0.26 0.0 -0.7 0.0 -0.7 3.14  49.728708	-3.561993	 5.863217 -42.652771	 97.652687	 17.778510	 21.094932	 72.818890 -70.797375	 68.422023	-25.656007	 32.048101	 33.170504  60.512217	 60.206572	-73.155855	-41.009132	-16.840377	-13.043450  84.461513	 21.256737	-49.824278	-116.297757	 5.389207	 19.455127
290 1  0.058224	-0.017856  0.0 -0.26 0.0 -0.7 0.0 -0.7 3.14  55.343602	-5.632156	-26.285713 -93.764375	 60.120463	 19.360562	 64.475797	-2.574645 -42.872556	 80.201467	 24.483908	 64.598839	 4.750981  86.020914	 4.287550	-56.349570	-47.063526	-8.948072	-0.964293 -17.382939	 12.300939	-71.019846	-93.424996	 18.431547	 6.365749
300 1  0.066686	-0.083513  0.0 -0.26 0.0 -0.7 0.0 -0.7 3.14  40.410412	 19.104509	-11.196018 -11.098442	 75.160579	 2.180421	 21.577798	-65.048395 -83.785364	 61.521422	-32.939162	 71.490105	-69.919068  15.605006	 73.628722	-0.997988	-16.463952	-0.522697	-13.460694  65.108698	 8.714008	 18.533226	-70.194689	-13.351071	-2.977582
310 1  0.017268	-0.039911  0.0 -0.26 0.0 -0.7 0.0 -0.7 3.14  4.619512	 4.151441	-22.515148 -41.506538	 87.942503	-4.868242	 73.620459	-55.359233 -44.775821	 89.039021	 77.478083	 29.966028	 12.914289  29.788550	 23.944540	-79.274373	-21.642859	-9.247842	-10.113390  4.807084	 61.848583	 26.280563	-100.305644	 30.692226	-10.810582
320 1  0.062919	-0.028438  0.0 -0.26 0.0 -0.7 0.0 -0.7 3.14 -21.973231	 6.515857	-12.998250 -38.993338	 48.536453	 12.311412	 91.998674	-7.806697 -88.580206	 80.668530	-33.025542	 55.792645	-62.532134  73.314706	 47.712177	-25.788588	-4.976955	-1.259795	-3.544816 -11.103487	 38.497982	 35.492900	-8.576474	 32.762858	-2.898948
330 1  0.064231	-0.199052  0.0 -0.26 0.0 -0.7 0.0 -0.7 3.14  58.336167	 9.447272	-10.567900 -20.514382	 56.557533	 74.773524	 54.824625	 40.975151 -42.555004	 47.589304	 34.855888	 35.604723	-8.631884  61.426676	 72.369021	 15.195210	-29.918179	-19.347145	-13.735166  77.395160	 86.089648	-18.762303	-47.177385	 19.227443	 14.840728
340 1  0.074014	-0.109023  0.0 -0.26 0.0 -0.7 0.0 -0.7 3.14 -20.976089	-9.575250	 1.703212 -1.646409	 72.917594	 79.641601	 47.974032	 80.932962 -82.551968	 63.803786	-21.665066	 39.727442	-28.191037  32.752164	 27.178011	 51.207059	-7.060845	-11.817403	-1.713005  89.454276	 6.388108	-42.677424	-116.773756	 34.843625	-2.129748
350 1  0.095897	-0.017922  0.0 -0.26 0.0 -0.7 0.0 -0.7 3.14  59.621631	 15.441210	-17.167251 -43.170470	 49.968675	-0.467916	 68.276360	 79.231853 -83.895293	 28.487369	 59.627216	 80.328470	-73.808192 -2.886521	 88.197142	 47.219349	-7.015358	 4.929829	 9.006669  72.415626	 1.973326	 59.088534	-9.869473	 35.534418	-0.657059
360 1  0.080219	-0.133363  0.0 -0.26 0.0 -0.7 0.0 -0.7 3.14  10.406377	-19.102549	 0.972936 -10.249567	 38.071747	 40.614905	 72.888486	-27.802688 -9.126863	 40.335270	 19.459883	 69.274936	-45.343450  87.102696	 17.758762	-62.074238	-57.146919	-18.456528	-21.174733 -15.864330	 86.583666	-31.050864	-36.064897	 5.222480	 8.417067
370 1  0.009876	-0.215984  0.0 -0.26 0.0 -0.7 0.0 -0.7 3.14  37.931752	 13.276639	-42.917567 -28.074164	 94.883420	-26.869714	 45.599056	 1.243221 -0.102201	 58.389641	 57.547646	 92.121350	-43.416855  69.143567	 40.267754	-5.839630	-2.908423	 18.469383	-16.993014  74.538599	 45.909571	 10.316157	-11.365510	 35.107157	 7.412124
380 1  0.003133	-0.105626  0.0 -0.26 0.0 -0.7 0.0 -0.7 3.14  68.008253	-20.081416	-16.394674 -58.288627	 46.947989	-10.415424	 47.599019	-25.698505 -50.380706	 42.597094	 12.475968	 66.764289	 43.065476  45.454406	 29.166853	 4.451467	-53.111463	-12.546810	 9.055177  68.079869	 26.613766	-71.122225	-55.806612	 19.341012	 3.362253
390 1  0.081995	-0.160605  0.0 -0.26 0.0 -0.7 0.0 -0.7 3.14  34.575965	 15.932116	-27.510209 -88.320440	 86.532787	-23.133261	 25.088825	 85.372197 -3.420705	 65.591568	 60.719684	 51.050466	 49.797694  79.199354	 41.748748	-1.554348	-42.447750	-14.062422	-11.120189  73.174928	 18.400940	 68.401499	-50.052057	-2.334271	-11.800907
400 1  0.000569	-0.017441  0.0 -0.26 0.0 -0.7 0.0 -0.7 3.14  5.286207	 23.069614	-17.978041 -49.761548	 97.900362	 42.484053	 55.565558	-34.492005 -80.559293	 33.574650	-5.690699	 21.541273	-30.875556  71.712064	 77.060530	 15.018038	-24.361220	 0.189980	 0.881637 -29.168393	 45.609939	-74.445070	-81.710231	 30.287119	 17.364276
410 1 -0.016710	-0.134851  0.0 -0.26 0.0 -0.7 0.0 -0.7 3.14 -19.438913	 22.852980	-29.075908  7.957594	 78.279307	 48.589127	 16.847513	-18.155036 -31.728628	 60.246866	 59.514709	 43.895729	-33.821930  55.269637	 61.915315	 18.982551	-12.992326	-1.194015	-21.157546 -29.222609	 24.752538	-30.753839	-9.559587	 22.692866	 0.642467
420 1  0.083900	-0.226945  0.0 -0.26 0.0 -0.7 0.0 -0.7 3.14  65.294956	-16.072541	-33.382123 -65.107675	 27.798275	 68.849776	 93.570986	 12.493185 -16.765147	 81.542459	-6.972199	 20.718878	 57.132952  57.908469	 87.697536	-3.247585	-28.231035	-16.673080	-14.221465  47.715389	 3.030783	 30.071286	-20.994924	 22.884536	-20.753281
430 1  0.001775	-0.181895  0.0 -0.26 0.0 -0.7 0.0 -0.7 3.14  20.680177	-19.633353	-17.242051 -23.186098	 85.918493	 51.253645	 82.302685	-50.653094 -49.017222	 49.382320	 7.626700	 63.399861	-72.293342  36.592074	 33.397408	 25.184759	-25.817581	-6.721899	-7.124016  65.150935	 23.964156	-76.523541	-118.175178	 4.460951	 10.424674
440 1  0.093716	-0.082570  0.0 -0.26 0.0 -0.7 0.0 -0.7 3.14  53.393630	-5.807188	-9.670241 -32.171671	 85.723038	 14.813715	 63.956706	 67.437773 -86.839843	 47.957510	 45.251022	 31.082023	 19.381207  51.259359	 87.812122	-49.081474	-10.374783	-6.526038	-21.907733 -29.625412	 65.736521	-55.904628	-113.896079	 33.322432	-1.283134
450 1  0.002126	-0.137768  0.0 -0.26 0.0 -0.7 0.0 -0.7 3.14  63.688590	-5.661601	-29.836549 -24.947891	 57.204636	 54.721286	 29.134746	 73.287145 -45.484085	 68.977894	 78.027401	 64.071084	-10.380108  83.789338	 80.921085	 0.969144	-23.802425	-8.821905	-7.110052  34.104198	 62.867147	-20.340219	-82.380957	 38.375387	-7.304675
460 1  0.005024	-0.129658  0.0 -0.26 0.0 -0.7 0.0 -0.7 3.14  26.796755	 19.932758	-35.059139  1.242657	 73.377370	-28.735643	 93.422939	 19.598268 -24.163163	 56.316109	-22.161256	 21.157793	 16.682596  86.648355	 32.984018	 1.187102	-24.358225	-2.505378	-11.199322 -23.543859	 41.115773	 33.129657	-76.963865	 38.527030	 1.445170
470 1  0.016608	-0.153482  0.0 -0.26 0.0 -0.7 0.0 -0.7 3.14 -10.447090	-2.747649	-31.406977 -49.327475	 34.939741	 3.425371	 64.631889	-1.450048 -66.319511	 61.070334	-36.564382	 90.765757	-24.890120  17.105613	 78.169956	 51.184509	-13.048276	 0.990162	-16.152914  50.927591	 31.730692	 49.545335	-50.893882	-10.337963	 16.691105
480 1 -0.002228	-0.033348  0.0 -0.26 0.0 -0.7 0.0 -0.7 3.14  56.315104	-18.381271	-16.715631 -2.197999	 66.321409	 29.952155	 64.597388	-49.938599 -81.858305	 29.054136	 56.644717	 69.901648	-68.319108  37.778767	 1.514308	-16.527596	-5.912500	 15.452967	 10.385820 -4.634726	 29.227331	-52.156459	-61.579210	 35.906735	-13.797052
490 1 -0.019231	-0.210537  0.0 -0.26 0.0 -0.7 0.0 -0.7 3.14  68.670610	 0.214058	-41.888788 -5.004559	 30.153345	 1.525614	 47.666199	 40.927646 -31.462155	 85.216912	 71.530403	 16.196542	 26.245384  62.917556	 69.783339	 72.793240	-5.610097	-6.090266	-19.224861 -22.984539	 19.903226	-49.876938	-87.462826	-16.196149	 4.938995
500 1  0.030020	-0.112143  0.0 -0.26 0.0 -0.7 0.0 -0.7 3.14  67.609233	 13.658502	-26.551702 -21.565502	 45.303674	 55.816483	 94.471340	 6.581446 -13.518507	 33.404368	-36.457563	 65.169950	-34.778514  66.750489	 28.555505	-13.472316	-44.437010	-4.142021	-2.063396  85.776818	 25.322911	 10.968584	-55.641470	-13.862614	-18.211862
510 1 -0.000096	-0.211129  0.0 -0.26 0.0 -0.7 0.0 -0.7 3.14  36.491452	-12.423844	-36.309928 -92.632458	 54.248840	 5.538990	 97.046236	-16.515385 -51.154004	 70.912246	 39.874518	 88.704998	 48.156872  76.836891	 14.241147	 46.157666	-0.172531	-4.395854	-15.550742  46.423452	 19.342872	 6.636117	-61.176565	 16.669655	 7.789216
520 1 -0.014027	-0.121515  0.0 -0.26 0.0 -0.7 0.0 -0.7 3.14  58.615609	-0.343382	 7.148872 -5.755871	 60.758414	-31.216992	 92.308284	 9.016913 -52.312017	 51.877594	-29.187541	 39.787106	-32.212158  75.453749	 71.410988	 8.744069	-26.710920	-6.498860	 6.280961  57.042173	 10.819608	 13.100234	-22.781041	 38.248686	-13.905523
530 1  0.011944	-0.014315  0.0 -0.26 0.0 -0.7 0.0 -0.7 3.14  53.431176	-1.141285	-3.890589 -9.775695	 73.423597	 64.673078	 56.234751	-21.086162 -82.622729	 40.809721	 24.573066	 34.246547	 30.080773  18.949805	 80.860469	-12.214845	-46.111039	-12.806826	-1.684898  54.600136	 7.784582	-12.124131	-57.289333	-12.694481	-16.038028
540 1 -0.006734	-0.086738  0.0 -0.26 0.0 -0.7 0.0 -0.7 3.14  25.529722	 13.092753	-48.441523 -69.831677	 68.240224	 33.714378	 82.626157	-0.869680 -53.306912	 82.630023	 54.245169	 25.434149	 30.925905  31.839879	 26.874858	 53.902995	-7.397542	-2.632032	 6.237468  61.967992	 85.538477	-27.497889	-5.197443	-11.515454	 20.532805
550 1  0.035458	-0.139861  0.0 -0.26 0.0 -0.7 0.0 -0.7 3.14  18.312436	-10.054929	-3.178726 -59.912923	 32.600832	-27.712303	 76.216487	 80.257817 -86.171143	 47.389705	 30.041974	 60.931084	 20.707487 -27.605616	 49.010679	 52.833473	-11.898389	-7.790758	-14.233113  85.645805	 38.042862	-19.083163	-92.791381	 8.835211	-18.175321
560 1  0.000007	-0.054367  0.0 -0.26 0.0 -0.7 0.0 -0.7 3.14  64.724286	 13.984808	-33.889903  0.259775	 49.988900	 53.659139	 69.630365	-11.559736 -24.916824	 62.551863	 26.301821	 60.620808	-53.989179  58.188001	 69.118190	-20.838599	-40.520471	-16.235884	-0.232574 -14.499769	 49.703957	 31.160327	-20.811944	 7.265208	 3.261432
570 1  0.018528	-0.130073  0.0 -0.26 0.0 -0.7 0.0 -0.7 3.14  46.866182	 21.164943	-13.552520 -7.324091	 80.610847	-7.766826	 18.670398	-56.608018 -90.717865	 92.874319	 23.411563	 68.950113	-38.980258  70.337563	 73.427774	-65.623641	-39.524494	-13.175647	-21.296151  14.415965	 42.114077	 5.814231	-35.157045	-13.555699	-7.619988
580 1  0.053900	-0.117489  0.0 -0.26 0.0 -0.7 0.0 -0.7 3.14  0.348902	-4.215379	 8.709104 -15.965556	 98.327971	 53.862301	 30.073602	-67.403708  2.962343	 91.416226	 46.373535	 89.560602	 19.377233  35.338453	 41.144442	-50.713148	-17.459362	-8.937335	-14.793632 -1.971085	 33.426983	-39.892673	-26.376629	 34.865781	-15.884830
590 1  0.081855	-0.108500  0.0 -0.26 0.0 -0.7 0.0 -0.7 3.14 -11.912109	 4.237021	-31.277294 -44.013411	 48.126612	 23.728908	 59.135619	-67.126990 -39.617006	 44.451243	-24.866359	 90.470219	-19.770951  58.961691	 4.577567	 27.453586	-23.407739	-17.963449	 2.383299  53.593392	 66.084399	-37.916794	-116.256854	 0.846562	 15.085815
600 1  0.004089	-0.005141  0.0 -0.26 0.0 -0.7 0.0 -0.7 3.14  65.136034	-6.307770	 4.424841 -67.781406	 46.991200	 19.330001	 72.542869	-53.722591 -27.987514	 53.147219	 67.689687	 61.049402	-85.887899  55.109331	 4.356651	-30.521884	-13.230146	 15.600564	 11.604414  51.175853	 77.844236	-34.331859	-74.414137	 3.078511	 1.330794
610 1  0.051003	-0.189655  0.0 -0.26 0.0 -0.7 0.0 -0.7 3.14  31.712708	-11.488801	 3.956129 -14.522006	 73.926300	-0.252120	 33.707024	-64.283988 -56.007697	 66.746374	 33.126907	 76.136680	-78.709109  54.475048	 49.034990	 12.507120	-10.040844	-3.898234	-8.293652  12.690083	 39.706313	 63.645743	-8.587051	-11.728290	 5.322281
620 1  0.082602	-0.127819  0.0 -0.26 0.0 -0.7 0.0 -0.7 3.14  12.211938	 13.964589	-39.507535 -3.845123	 52.348252	 62.332750	 103.877280	 23.805914 -84.179658	 43.068855	 48.226517	 35.522140	 12.056136  80.462668	 76.535741	-21.404675	-32.208014	-18.139356	-21.028324  9.110426	 27.099048	 38.989105	-106.074157	 14.936229	 11.250239
630 1  0.051323	-0.177351  0.0 -0.26 0.0 -0.7 0.0 -0.7 3.14  61.681548	 5.210206	-32.395041  1.318366	 98.169924	 62.703211	 46.329214	 21.780008 -86.461627	 88.216800	 34.911970	 59.525226	-77.822515  26.435558	 42.241626	 21.729881	-38.000878	-17.899188	-8.143119  86.604551	 47.927974	-41.160259	-89.123799	-9.052507	 17.028491
640 1  0.009641	-0.152216  0.0 -0.26 0.0 -0.7 0.0 -0.7 3.14  35.672215	-16.323051	-47.646777 -93.732050	 99.872095	-9.478476	 50.021188	-74.623069 -42.233846	 64.701697	 20.855093	 66.743232	-27.737250 -15.791465	 24.624287	 27.338527	-23.962121	-16.940928	-7.328153  13.645398	 74.824797	 69.960892	-70.243774	-8.105626	-12.601945
650 1  0.065194	-0.008839  0.0 -0.26 0.0 -0.7 0.0 -0.7 3.14  60.797779	-10.363473	-3.636455 -89.235662	 51.114356	 9.478922	 25.171968	 69.360126 -32.359455	 83.740888	 16.128199	 89.879244	-49.020981  59.520052	 33.495181	-14.195689	-11.554855	-4.897138	 12.375156 -13.211989	 20.029753	 6.305141	-55.421574	-14.851252	-9.203665
660 1  0.065607	-0.074319  0.0 -0.26 0.0 -0.7 0.0 -0.7 3.14  54.594826	 10.028386	-7.894064 -77.048849	 45.739449	-14.985766	 59.928026	-76.508475 -13.584826	 99.586143	-23.954745	 87.328121	-17.001731 -14.929511	 4.751855	-23.957902	-43.931799	-16.704435	-6.247772  44.961284	 18.697547	-74.894954	-26.378749	-17.781967	-8.417508
670 1  0.072705	-0.059552  0.0 -0.26 0.0 -0.7 0.0 -0.7 3.14  39.987454	 21.303166	-34.090577 -93.110609	 32.872642	-10.320781	 56.195200	-71.078270 -58.542198	 83.594251	 38.642629	 59.167582	 60.492720  39.116383	 58.772196	 55.187431	-5.116113	-5.938054	 7.879355  53.807410	 1.195103	 35.714617	-91.896818	 36.060593	-2.899447
680 1  0.071363	-0.118221  0.0 -0.26 0.0 -0.7 0.0 -0.7 3.14  10.978296	 18.842474	-13.001010 -12.983600	 82.902327	 24.606397	 71.034091	 34.763527 -33.731653	 60.639281	 23.250280	 49.901297	 27.878122  39.854264	 19.399458	-53.146680	-13.832230	-3.728936	-15.897485 -8.120047	 59.890992	 1.648003	-32.836711	 3.572444	-1.148595
690 1  0.072289	-0.091068  0.0 -0.26 0.0 -0.7 0.0 -0.7 3.14  61.404123	-18.830775	-17.116193  0.808866	 39.862970	-6.668221	 34.920275	 9.706499 -62.161416	 68.636298	-16.294375	 75.428925	-9.532659  45.866067	 4.656071	-10.730140	-1.059070	 7.274764	 7.731602  35.553718	 51.739527	-30.232085	-50.862007	 16.046401	 5.966716
700 1  0.017093	-0.211415  0.0 -0.26 0.0 -0.7 0.0 -0.7 3.14  12.355697	 13.230417	 3.021695 -55.557107	 99.711422	 45.085718	 32.011308	 7.460969 -47.506472	 76.138105	 60.831760	 53.630841	-84.686848  36.894104	 6.371374	-9.826910	-38.452182	-10.601107	-13.805355  2.696002	 86.824589	 5.836320	-0.376287	 12.524511	-14.801664
710 1  0.017476	-0.084201  0.0 -0.26 0.0 -0.7 0.0 -0.7 3.14  53.144292	 18.890711	-26.304774 -92.767688	 55.468085	-22.209526	 71.223637	 4.063465 -17.275775	 32.822636	 15.306465	 70.724907	-73.913228  71.660199	 64.556028	-1.939583	-7.995974	 1.325503	-2.951754  15.357501	 36.925697	 32.101696	-85.972325	 17.326361	 21.783777
720 1 -0.012733	-0.027199  0.0 -0.26 0.0 -0.7 0.0 -0.7 3.14  49.250170	 19.675617	-2.987393 -10.570125	 83.967673	 59.014816	 92.447236	-30.540894 -20.710026	 57.413869	-6.837413	 52.853835	-77.603465  7.609288	 18.488274	-54.244881	-24.493244	 1.045373	-6.371423  29.280736	 44.015179	 7.774176	-84.081309	-0.978678	 14.219663
730 1  0.005054	-0.127906  0.0 -0.26 0.0 -0.7 0.0 -0.7 3.14 -16.940555	 14.609853	-40.111275 -35.161407	 71.832103	-35.391390	 34.348696	 89.478555  8.226944	 60.829043	-13.866249	 69.005269	-13.968212  3.889786	 24.837894	-7.499891	-9.028915	-11.003111	-18.503358 -19.537038	 4.413370	 76.807909	-48.593018	 22.141994	-3.249215
740 1  0.078797	-0.191785  0.0 -0.26 0.0 -0.7 0.0 -0.7 3.14  35.733503	-2.806272	-8.772150 -63.707548	 80.636212	-36.149900	 88.691839	-53.018835 -70.345201	 66.602080	 31.974429	 82.527330	-89.714881  87.812088	 5.108475	-9.459955	-30.921439	-5.459285	-10.196120 -7.045880	 77.347604	 27.079136	-15.947106	 28.528672	-17.607783
750 1  0.047100	-0.022043  0.0 -0.26 0.0 -0.7 0.0 -0.7 3.14  62.950485	 14.898584	-14.782780 -65.079186	 90.769263	 42.226551	 45.342968	 31.346125 -63.942050	 55.857696	-24.758014	 74.168535	 15.878697  81.802941	 48.389567	-28.632557	-55.863109	-13.806812	 12.455031  76.564556	 45.405841	-21.461234	-9.265707	 13.907766	 8.976572
760 1  0.071658	-0.163545  0.0 -0.26 0.0 -0.7 0.0 -0.7 3.14  1.563560	 13.715850	-30.575120 -38.265561	 86.477719	 74.997805	 48.426627	-21.216511 -58.834665	 31.098897	 64.094103	 41.210014	 52.368291  72.599009	 56.428208	-0.773710	-40.333822	-19.100142	-12.676843  56.459123	 44.659478	-33.622187	-22.462131	 33.189286	 15.059883
770 1 -0.014552	-0.058800  0.0 -0.26 0.0 -0.7 0.0 -0.7 3.14  18.110865	 6.305780	 4.150312 -53.920288	 32.939745	 39.581535	 77.939405	 13.737111 -37.491885	 52.311611	 77.942487	 23.419567	 49.899241  11.486168	 72.748891	-75.989148	-24.092253	-10.860546	-21.326662  42.315936	 23.608071	 65.866596	-19.238471	 32.378385	 14.572679
780 1  0.067316	-0.030311  0.0 -0.26 0.0 -0.7 0.0 -0.7 3.14 -10.995912	 16.682252	-42.717060 -38.757186	 99.182857	 24.212153	 95.259428	 44.466101 -49.388624	 56.888328	 62.924615	 78.346265	 67.058387  85.335066	 77.282171	 31.855772	-17.581006	-8.054420	 7.596527  72.113595	 61.877970	-48.101107	-28.657777	 8.610775	-17.854528
790 1  0.038305	-0.108319  0.0 -0.26 0.0 -0.7 0.0 -0.7 3.14  40.574382	 25.377303	-31.893538 -45.447854	 77.562499	 32.634543	 17.809030	 26.232948 -77.869469	 40.046553	 24.562494	 37.277629	-8.454658  11.234975	 15.134513	 4.139502	-12.682609	 0.024423	-4.450812  39.177934	 68.292164	 62.146090	-38.584619	 20.239436	 19.620161
800 1 -0.007588	-0.093992  0.0 -0.26 0.0 -0.7 0.0 -0.7 3.14  39.186098	-14.386626	-2.716753 -46.433967	 30.017472	-3.688362	 64.482454	-55.077053 -72.508219	 25.844015	 49.606324	 27.618620	-45.893915  3.445797	 52.287173	 24.261712	-11.947148	 1.622491	-0.626386  28.521299	 28.839101	-46.830305	-39.605126	-7.613679	-4.679369
810 1  0.042132	-0.150421  0.0 -0.26 0.0 -0.7 0.0 -0.7 3.14  4.850027	-15.189917	-38.208876 -85.202607	 74.827806	 29.026291	 45.405175	 84.394466 -24.403317	 70.543251	-10.942610	 67.398392	-13.858938  53.835142	 6.390208	-25.244166	-45.755172	-14.593689	-10.929699  65.192843	 70.556975	-67.328723	-103.393012	-8.984765	-20.704208
820 1 -0.015178	-0.159824  0.0 -0.26 0.0 -0.7 0.0 -0.7 3.14  26.233470	-8.083987	-37.315432 -32.908817	 79.516335	 41.849331	 73.299295	 75.178329 -81.402201	 31.178107	 78.335796	 52.535185	-26.972767  16.117660	 73.319974	 44.729117	-10.170182	 12.150270	-9.273574  64.691994	 12.946460	-0.279933	-2.291316	 12.670886	-4.319960
830 1  0.024796	-0.078237  0.0 -0.26 0.0 -0.7 0.0 -0.7 3.14  42.161863	 22.118353	-35.764651  9.234953	 97.812563	 11.436957	 61.030179	-71.279095 -51.477612	 56.959107	-8.737178	 48.910616	-29.567498  49.150699	 40.821667	-72.505058	-34.082223	-15.246459	-19.520049 -28.294148	 19.179641	-54.626347	-88.432854	-4.176777	-9.560458
840 1  0.048117	-0.096528  0.0 -0.26 0.0 -0.7 0.0 -0.7 3.14  35.451525	-26.467155	-18.705821  9.972039	 79.493191	 61.966264	 37.860092	 76.074450 -87.676905	 78.415285	-24.679510	 35.177915	-71.233367  3.718714	 0.014656	 13.669608	-37.629758	-14.840259	 6.229744  89.779879	 13.306520	 26.224856	-21.088617	-2.504938	 21.482520
850 1  0.082030	-0.185113  0.0 -0.26 0.0 -0.7 0.0 -0.7 3.14 -12.784351	 5.334341	-31.654622 -18.023848	 48.432661	 32.911648	 56.656168	 12.169227 -23.859382	 29.990052	 9.554499	 70.400029	-3.222191  80.220978	 78.195906	 51.246443	-22.208801	-18.146366	-10.709243  59.229463	 78.325308	 52.713075	-38.569124	 36.793308	 10.620062
860 1  0.085671	-0.013920  0.0 -0.26 0.0 -0.7 0.0 -0.7 3.14  28.626903	 19.179638	-38.635767  4.214108	 52.701802	-23.694768	 29.711361	 36.554958 -21.474275	 35.031570	 76.098421	 23.340427	-76.790279  18.373858	 15.043256	-36.676123	-13.370505	-9.118785	-1.295154  38.628845	 44.768933	 11.217439	-107.074825	-1.739901	 4.410321
870 1  0.041426	-0.230258  0.0 -0.26 0.0 -0.7 0.0 -0.7 3.14  28.304765	-0.605810	-33.681217  8.563711	 63.256442	 51.456544	 45.922214	 48.826688 -74.887121	 47.188564	 9.023683	 48.812415	-39.687019  78.683406	 84.181507	 51.498721	-32.095585	-18.787059	-13.365232  57.634066	 85.735158	-77.002103	-32.553049	 36.885226	-14.127607
880 1  0.097651	-0.102461  0.0 -0.26 0.0 -0.7 0.0 -0.7 3.14  11.646400	 6.558991	-47.683162 -14.354839	 67.522323	 70.530894	 27.707790	 44.341019  9.672876	 67.769584	 41.418654	 29.660032	-55.984814  37.095197	 31.713505	-43.331410	-24.116134	-11.174107	-18.573794  42.244374	 15.509278	 61.820809	-14.454256	-1.087636	 16.593724
890 1  0.027234	-0.102700  0.0 -0.26 0.0 -0.7 0.0 -0.7 3.14  21.840029	 16.709562	-27.025555 -90.566332	 56.486630	-32.876734	 41.509966	-20.470039 -65.600078	 36.693069	 33.858659	 22.685910	 43.056626  50.846175	 77.089483	 72.696781	-29.982895	-18.943990	 1.411326  66.303689	 72.671184	 4.625712	-41.439464	 35.960942	-18.453248
900 1  0.069875	-0.061090  0.0 -0.26 0.0 -0.7 0.0 -0.7 3.14  64.925829	-26.490802	-25.205154 -64.079353	 75.469221	-26.991651	 68.219238	-62.787954 -69.548606	 44.620625	 33.266817	 22.357269	 11.304631 -20.857921	 56.760795	-27.042813	-9.310430	-6.582771	-9.286004  18.379603	 18.974057	 0.516143	-107.933209	-5.065802	-15.803662
910 1 -0.018067	-0.193911  0.0 -0.26 0.0 -0.7 0.0 -0.7 3.14  44.934959	 4.219533	-11.529770 -59.218789	 61.018369	 78.352022	 57.166094	-37.038263 -24.664976	 54.225583	 47.888602	 36.869304	 89.949827  15.689945	 74.452550	 38.955795	-15.616262	 8.906977	-14.727066  82.822852	 31.983973	 53.431746	-89.126625	 14.470875	 6.030324
920 1  0.087760	-0.031901  0.0 -0.26 0.0 -0.7 0.0 -0.7 3.14  52.534739	 17.031719	-2.192255 -76.748625	 57.806498	 36.652150	 80.207048	-28.022491  4.370170	 97.262549	 59.818746	 44.990268	-83.894610  52.246866	 47.720804	-26.948048	-12.238210	-3.696595	-1.099119 -0.123341	 63.568215	 0.696808	-75.255552	 33.842388	 21.216684
930 1 -0.012203	-0.129352  0.0 -0.26 0.0 -0.7 0.0 -0.7 3.14  47.467250	 4.137278	-25.277965 -93.181668	 46.366274	 42.506503	 82.771753	-35.730805 -62.684751	 25.928700	 14.586436	 19.583651	-34.965756 -25.615800	 37.149537	 13.271027	-38.618270	-19.289612	-11.516581  24.120657	 58.948223	-0.017861	-78.220596	 30.106707	-20.897037
940 1 -0.005302	-0.109986  0.0 -0.26 0.0 -0.7 0.0 -0.7 3.14  61.294081	 8.540833	-19.426656 -66.919452	 80.494909	 35.652577	 47.488491	-24.664734 -63.012819	 80.086650	-34.792651	 17.997920	 54.705924  66.052610	 43.534617	-67.717145	-47.806888	-10.444988	-15.869225 -18.199250	 27.958427	-22.050635	-14.236478	 32.971794	-5.516344
950 1 -0.004785	-0.112694  0.0 -0.26 0.0 -0.7 0.0 -0.7 3.14  19.175323	 6.394821	 6.324362 -26.887729	 79.458381	 64.141011	 36.344419	 45.786872  3.864045	 70.726109	 41.851822	 20.296662	-7.931113  32.004576	 34.182208	 35.752130	-42.237318	-17.164940	-0.225523  82.323316	 17.125070	-52.589589	-110.621436	 0.360667	-2.835513
960 1  0.042640	-0.012919  0.0 -0.26 0.0 -0.7 0.0 -0.7 3.14  31.993248	 21.964897	-37.730505 -52.551434	 73.806176	 63.403302	 50.128289	-35.267989 -7.403179	 26.433339	 27.996564	 45.697199	 39.211419  48.061645	 8.165506	 7.966693	-11.472232	-0.862253	 11.393204  50.595238	 39.511314	-30.057327	-80.800936	-19.031447	-1.416685
970 1  0.011085	-0.038826  0.0 -0.26 0.0 -0.7 0.0 -0.7 3.14  31.603270	-5.269854	-44.531425 -48.159422	 86.006139	 17.028396	 97.602473	-19.257853 -56.585020	 87.462460	-31.521221	 63.507059	-72.221168  66.299210	 56.234004	 62.421126	-12.813448	-9.287165	 13.455094 -3.889216	 84.645895	-4.566917	-41.207465	-4.860434	 13.379672
980 1 -0.019321	-0.053070  0.0 -0.26 0.0 -0.7 0.0 -0.7 3.14  66.772286	-2.426995	-0.117670  8.924328	 63.266670	-0.832678	 28.036653	-73.232104 -69.536394	 59.499231	-33.658887	 91.130622	 70.544452  26.414366	 0.768670	 8.512252	-22.184125	 10.546187	 9.039196  81.895583	 57.656730	 39.571047	-108.721524	-5.887153	-13.646043
990 1 -0.019212	-0.152680  0.0 -0.26 0.0 -0.7 0.0 -0.7 3.14 -18.963306	-22.463263	-43.773297 -5.614596	 83.289348	 60.434197	 86.948995	 41.175881 -15.448178	 82.415112	 71.092971	 87.749188	 76.770966 -15.081793	 7.760561	 12.364341	-14.048820	-17.030860	-5.659524 -17.752186	 47.506499	 55.671740	-26.110864	 26.287453	-4.574550
