0 1  0.039274	-0.138100  0.0 -0.26 0.0 -0.7 0.0 -0.7 3.14  22.724447	 12.358526	-36.537608 -8.026963	 84.598768	 16.610640	 92.130208	 20.298961 -70.164685	 32.165206	-28.324102	 96.195195	 21.469287  85.006709	 18.976847	 17.286617	-5.689230	 9.037950	 0.768190  23.662326	 83.077697	-76.356104	-77.554229	-7.574083	 16.282678
10 1  0.050936	-0.040851  0.0 -0.26 0.0 -0.7 0.0 -0.7 3.14 -13.034382	-14.685825	-3.416963 -30.756283	 71.993829	 73.247802	 71.969723	-32.063037 -59.727884	 30.007307	 42.426713	 39.192693	 13.927552 -21.242910	 31.550547	-27.617366	-8.271614	-10.051469	 1.845024  3.375772	 23.087863	 64.698791	-28.216578	 12.026307	-14.301841
20 1  0.052180	-0.025319  0.0 -0.26 0.0 -0.7 0.0 -0.7 3.14  35.718101	 13.798768	-37.436827 -48.644129	 82.546334	 33.659689	 32.605565	-30.537050 -82.390889	 27.145384	 59.145593	 21.873930	-17.471835  41.009696	 28.714151	 13.415083	-41.819953	-18.889335	-3.550095 -17.661302	 0.319901	 75.696876	-93.409640	 21.777471	-2.287552
30 1  0.010691	-0.040588  0.0 -0.26 0.0 -0.7 0.0 -0.7 3.14  5.493394	-6.521941	 8.486384 -49.285372	 51.138520	-7.337040	 52.682657	-61.932408 -44.030505	 88.718462	-8.240674	 33.665819	 22.457246  7.648820	 19.799625	 66.146171	-22.620872	-17.080271	 0.620788  18.096080	 10.627348	 52.450897	-117.616927	-0.356221	 13.855844
40 1  0.072512	-0.055344  0.0 -0.26 0.0 -0.7 0.0 -0.7 3.14 -3.598121	 25.471126	-36.533973 -19.370271	 92.829963	 7.356826	 18.986419	-63.697868 -78.564586	 85.367155	-34.283171	 48.216689	-78.068032  49.670730	 12.413307	-59.663959	-2.313994	-2.464153	-9.238653 -17.435941	 10.473707	-79.016517	-37.162387	 29.192938	 3.631297
50 1 -0.005902	-0.141644  0.0 -0.26 0.0 -0.7 0.0 -0.7 3.14  34.560253	-25.130539	-31.732280 -13.897060	 60.560989	-23.871604	 29.299318	 86.605611 -28.026086	 94.127720	-11.380985	 40.185034	 10.240397  33.871581	 57.974020	 6.131498	-7.971161	 4.485932	-7.991802  17.756232	 38.790151	 0.519342	-43.343995	-12.037303	-17.209419
60 1  0.069495	-0.025068  0.0 -0.26 0.0 -0.7 0.0 -0.7 3.14  6.780658	-4.149507	-47.628697 -64.285467	 46.739834	-22.086208	 82.370357	 51.529573 -14.070207	 37.642320	-10.103346	 49.171187	-28.876837  53.312436	 44.798839	 23.899060	-18.741798	-14.372315	 3.239013  6.496249	 23.488521	 24.299143	-62.608326	 0.205994	 18.945048
70 1 -0.008003	-0.205484  0.0 -0.26 0.0 -0.7 0.0 -0.7 3.14  36.090982	 19.248854	-26.977028 -16.878422	 48.015361	 0.175702	 21.742999	 58.877988 -7.131377	 74.519001	 3.737885	 94.960451	-40.574675  70.385237	 8.130417	 36.040829	-18.640490	-3.376499	-13.968520  43.781857	 39.072603	-62.661555	-18.712238	 28.269423	 12.595133
80 1  0.006425	-0.183014  0.0 -0.26 0.0 -0.7 0.0 -0.7 3.14  22.768124	 17.314474	-31.232109 -48.417608	 30.331279	 24.577533	 35.999192	-51.590508 -12.675394	 85.594695	-20.453578	 16.973492	-86.120834  42.427702	 47.867209	 47.525220	-22.560867	-10.604712	-6.240883  52.665340	 60.366580	 20.391397	-21.443900	 17.344804	-11.643082
90 1 -0.005453	-0.199878  0.0 -0.26 0.0 -0.7 0.0 -0.7 3.14  23.756219	 16.361166	 4.652482  7.657429	 36.837316	-31.131975	 28.810988	-75.589800 -68.215430	 30.077410	 48.950777	 52.566470	 46.958349  68.693608	 8.734045	 56.986146	-17.748606	-4.095466	-16.359227  80.013763	 17.904732	 13.987742	-109.653532	 15.334923	 17.182925
100 1  0.001016	-0.018688  0.0 -0.26 0.0 -0.7 0.0 -0.7 3.14  19.480027	-6.010423	-49.773279 -32.568030	 71.728355	-31.404965	 96.197907	 48.698826 -18.851932	 55.151407	-8.678549	 79.437823	 27.158913 -10.141086	 4.553690	 19.768869	-21.600607	-14.381965	 11.416412  51.676385	 85.859894	 45.894983	-84.683549	 5.336833	-8.510657
110 1  0.017137	-0.124924  0.0 -0.26 0.0 -0.7 0.0 -0.7 3.14 -5.969456	-12.263908	-34.210775 -16.536944	 71.858831	 2.102067	 68.476441	-41.027895 -37.611794	 50.286019	 2.263996	 56.647955	 9.299317  65.871597	 47.159670	 69.051848	-13.924664	-15.332680	 2.115072  62.199375	 47.751413	 55.065475	-47.359376	-12.728729	 10.124270
120 1  0.049242	-0.114307  0.0 -0.26 0.0 -0.7 0.0 -0.7 3.14  33.263534	-5.063269	-7.116131 -53.628740	 26.991040	 12.917341	 17.129758	 30.292541 -32.919819	 93.765178	 56.738501	 16.444453	-38.688800  69.000162	 44.338395	-43.001693	-39.180879	-13.807507	-14.178293  4.695937	 0.591367	 63.126614	-36.925483	-12.330198	-13.729385
130 1  0.043899	-0.008717  0.0 -0.26 0.0 -0.7 0.0 -0.7 3.14  33.292859	 15.932063	-44.569302 -51.317653	 93.893171	-1.861551	 59.221507	-2.815935 -52.651824	 52.421511	 32.882939	 37.038716	 46.183530  83.698905	 39.749795	-45.109781	-17.965244	 2.117360	-4.480228  2.432968	 76.056793	-1.438308	-83.377812	 6.011595	 7.246323
140 1 -0.000212	-0.253665  0.0 -0.26 0.0 -0.7 0.0 -0.7 3.14  11.474169	-18.539356	-47.171126 -60.210948	 40.025366	-23.131961	 29.967743	-50.128132  1.187396	 82.247798	-24.097222	 63.245896	-72.847012  66.651770	 85.377174	 55.750859	-21.255580	-7.990099	-14.218146  60.700423	 58.593085	-68.349800	-3.268452	-12.700986	 15.773061
150 1  0.073636	-0.139508  0.0 -0.26 0.0 -0.7 0.0 -0.7 3.14  29.623616	 16.497914	-25.082921 -28.697313	 70.515388	 66.827346	 66.008948	 69.913320 -16.349534	 43.461063	 28.093942	 51.996214	-33.249161  62.996127	 13.392658	-8.453646	-17.660042	-4.320127	-8.651569  68.417804	 73.816042	-11.816785	-80.901893	 8.742442	 5.461927
160 1  0.027466	-0.107747  0.0 -0.26 0.0 -0.7 0.0 -0.7 3.14  26.443021	 4.560396	-45.646503 -85.968352	 45.479222	 74.174584	 77.281337	-40.486811 -14.345173	 63.730070	 23.896692	 83.869392	-88.368375  28.424310	 28.968541	-30.302384	-44.084198	-18.171617	-10.200140 -20.880775	 65.404178	-49.028985	-24.954834	 28.351096	 21.136267
170 1  0.060050	-0.019428  0.0 -0.26 0.0 -0.7 0.0 -0.7 3.14 -2.101161	 3.497020	-36.943873 -11.851870	 88.349863	 64.161042	 51.750796	-48.388840 -22.709004	 50.325739	 32.305629	 25.937640	-81.137959  88.907143	 71.559242	-14.110648	-6.634417	 1.044922	 0.642278  28.640561	 60.709923	 11.173643	-35.379395	 23.295563	-10.132093
180 1  0.061447	-0.218469  0.0 -0.26 0.0 -0.7 0.0 -0.7 3.14 -4.601734	-22.043570	-44.491692  8.592189	 77.007982	 46.845384	 59.422161	 54.601122 -37.280869	 95.469357	-3.838579	 76.106296	 71.292616  15.961755	 14.109316	-33.547658	-32.064019	-18.416393	-17.702956 -4.348817	 25.894149	-44.463066	-11.348001	-3.533144	 16.107283
190 1  0.057811	-0.225027  0.0 -0.26 0.0 -0.7 0.0 -0.7 3.14  7.190942	 0.500901	-5.489696 -27.669839	 81.610306	 19.995720	 93.044397	-19.728145 -68.362218	 58.887402	 20.002293	 62.106401	 13.271272  8.707464	 44.500067	 66.309014	-7.475889	-10.152950	-17.178589  45.396874	 34.565592	-15.946532	-29.020010	 17.103439	-3.725033
200 1  0.003900	-0.065557  0.0 -0.26 0.0 -0.7 0.0 -0.7 3.14  0.258602	 3.959246	-20.691743 -5.600802	 89.437305	 2.885202	 79.410262	-52.243571 -4.861420	 97.374808	 0.829579	 68.943784	-62.679836  15.663111	 9.225688	 4.949881	-11.420940	-8.925312	-2.997803 -29.622030	 0.059748	-9.189339	-32.860331	-15.686432	-10.096975
210 1  0.003720	-0.029426  0.0 -0.26 0.0 -0.7 0.0 -0.7 3.14  21.784569	 13.558235	-21.377576 -59.061110	 54.160514	-26.331727	 45.419243	 47.802291 -62.116341	 59.325952	-19.251260	 74.577396	 69.397762  60.697068	 66.733215	-5.566643	-10.059838	 13.793318	 2.307591  88.402252	 57.677697	 32.064825	-0.190554	 14.342842	-0.225575
220 1  0.011410	-0.016214  0.0 -0.26 0.0 -0.7 0.0 -0.7 3.14 -18.004687	 6.786382	-42.169256 -80.379537	 46.944871	 22.890321	 28.065473	-46.142893 -24.920154	 76.802922	 4.862659	 39.048486	 14.923175  77.223221	 86.497069	-31.655905	-27.682184	-9.461241	-12.647157 -11.685029	 74.561820	 12.514987	-5.472831	 36.329662	-14.825178
230 1 -0.000635	-0.078309  0.0 -0.26 0.0 -0.7 0.0 -0.7 3.14 -8.718332	 23.927088	-22.353687 -21.231882	 42.526312	-2.813125	 79.859210	-75.749218 -0.236232	 84.022301	 17.532949	 45.972586	-47.883634  47.570842	 63.632151	 10.448589	-34.990609	-13.784405	-15.296368 -8.663354	 37.345838	 33.458366	-87.556986	 19.661442	-0.989023
240 1  0.070312	-0.191266  0.0 -0.26 0.0 -0.7 0.0 -0.7 3.14  3.039695	 14.284007	-47.627097 -60.725826	 32.521609	 11.208528	 98.385447	 47.986058 -54.731738	 69.306594	 35.312193	 62.812494	-38.584436  50.986005	 69.348869	 37.487877	-29.129151	-15.190781	-17.903321  15.192959	 41.690882	-71.540757	-80.165296	 21.532617	-21.067864
250 1  0.038704	-0.107956  0.0 -0.26 0.0 -0.7 0.0 -0.7 3.14  24.401061	-1.136301	-2.176686 -74.141365	 70.054432	-0.900834	 80.332400	-76.618992 -6.638825	 88.975485	-33.517730	 83.280001	-62.895369  67.972960	 1.412072	 60.723273	-17.316881	-17.913190	 0.490443  11.268854	 4.603332	 4.480163	-82.940232	-2.195136	-2.336573
260 1 -0.016182	-0.089615  0.0 -0.26 0.0 -0.7 0.0 -0.7 3.14  37.413272	-17.388534	-25.881037 -55.796476	 62.335962	 38.778813	 101.056779	-43.958542 -47.476263	 45.966127	 68.133796	 64.758293	 60.669118 -0.567470	 72.177369	 34.838743	-31.709469	-4.362424	-4.089316  52.973989	 12.552795	-61.203973	-26.241588	-18.865160	-12.912249
270 1 -0.012754	-0.142831  0.0 -0.26 0.0 -0.7 0.0 -0.7 3.14  3.457312	-0.934218	-41.486768 -73.552813	 46.689986	-0.516258	 69.988258	 88.449794 -76.560528	 89.167277	-25.182754	 66.640543	-57.020701  33.149380	 59.226653	 49.633396	-47.696561	-19.203116	-15.605928  21.398964	 1.647538	-1.302569	-110.688189	 6.736770	-9.964625
280 1  0.019251	-0.231372  0.0 -0.26 0.0 -0.7 0.0 -0.7 3.14  32.317831	 6.518701	-8.025158 -79.017954	 71.856421	-25.523114	 20.573275	 19.854204 -29.109283	 34.602257	 14.639367	 41.315072	 42.456180 -7.581492	 48.923881	 55.779918	-22.226070	-13.478107	-20.482616  39.185408	 73.517503	-63.899324	-8.207893	-15.274948	 12.207737
290 1  0.018155	-0.213376  0.0 -0.26 0.0 -0.7 0.0 -0.7 3.14  0.692412	-18.388886	-40.287229  6.451318	 74.783743	 26.084387	 17.871391	 29.641235 -79.813529	 51.782252	 70.333262	 64.660057	-44.171961  89.355019	 26.048175	-31.464643	-47.272124	-5.843068	-21.676605  78.009941	 41.865778	-66.560911	-72.922523	-7.871155	-20.243028
300 1  0.001121	-0.187554  0.0 -0.26 0.0 -0.7 0.0 -0.7 3.14  33.185380	-25.074406	-15.240920 -52.006596	 25.243290	 27.862694	 74.323887	 84.144052 -82.965565	 66.522810	-2.563375	 80.750161	-72.451059  79.221539	 25.911113	-19.727821	-27.220474	 7.931759	-7.394307 -29.138116	 86.872671	-40.323498	-31.317738	-4.687214	-2.716762
310 1  0.030407	-0.004184  0.0 -0.26 0.0 -0.7 0.0 -0.7 3.14 -6.053178	 9.851382	-44.941357  2.771171	 69.303077	 36.239323	 105.860199	 5.689487 -83.507905	 64.181209	 4.519214	 38.724027	-52.829562  73.753676	 86.920651	-1.196537	-29.766815	-11.945706	-5.978701 -21.901462	 35.577143	-53.922909	-30.522501	 13.213107	-8.419197
320 1  0.088614	-0.091810  0.0 -0.26 0.0 -0.7 0.0 -0.7 3.14  7.679627	 19.648251	-41.966177 -46.395645	 34.189914	 66.890868	 86.727200	 27.721362 -86.629324	 72.106608	-35.211194	 101.115076	 28.980510  17.480423	 82.496730	 38.832878	-12.699146	-6.700078	-20.092359 -25.149076	 54.032764	-4.847653	-98.329437	 22.891511	-20.725781
330 1  0.008250	-0.106127  0.0 -0.26 0.0 -0.7 0.0 -0.7 3.14 -2.826288	 7.939593	-20.431025  2.265885	 53.985308	 56.214745	 25.760385	-87.393035 -87.169608	 31.605494	 6.437856	 25.490404	-5.254941  69.082353	 88.727678	 25.146318	-28.424928	-10.042349	-9.536720  19.257112	 21.246097	 43.354451	-20.745268	 38.475298	 5.881258
340 1  0.043061	-0.035524  0.0 -0.26 0.0 -0.7 0.0 -0.7 3.14 -17.355741	 13.567946	-32.567069 -10.522063	 54.615700	 35.481963	 91.152381	-57.097658 -72.097620	 80.632243	 15.531523	 77.421777	-30.031517  80.210996	 86.862172	 37.921538	-35.837843	-10.716503	 2.890634 -1.361064	 85.108274	-59.593380	-56.469864	 23.630769	 5.841451
350 1  0.002595	-0.184460  0.0 -0.26 0.0 -0.7 0.0 -0.7 3.14  1.197105	 5.872493	-45.072143 -47.787829	 29.496327	-7.126142	 91.762356	-24.108287 -56.166575	 51.139256	-13.294827	 63.181697	 19.603379  65.493506	 15.834108	 3.455776	-19.645224	 2.988402	-13.405496 -22.427590	 71.638393	-5.760342	-100.854808	 10.444062	-18.393113
360 1  0.001548	-0.223943  0.0 -0.26 0.0 -0.7 0.0 -0.7 3.14  6.695787	 18.173567	-2.261560 -41.227927	 75.727265	 71.498892	 48.128434	 41.212714 -74.841424	 87.873134	-11.413995	 21.871996	-27.116368  29.326333	 11.335312	 77.617607	-1.489058	-11.423287	-16.407941  7.133558	 62.568001	-53.684941	-10.720702	 25.631441	 17.571519
370 1  0.053739	-0.125202  0.0 -0.26 0.0 -0.7 0.0 -0.7 3.14  17.637544	 2.716636	-35.748009  0.222633	 75.996684	 57.254738	 39.018711	-73.789611 -83.269782	 48.763827	 72.386209	 81.299872	-83.540853 -3.202328	 51.203141	-43.828128	-27.799229	-19.369712	-20.655700  11.575489	 29.482315	 71.586475	-20.932611	 21.872043	-0.667248
380 1 -0.014714	-0.043080  0.0 -0.26 0.0 -0.7 0.0 -0.7 3.14  8.795939	 5.677732	-38.966867 -55.212116	 65.445595	 45.009777	 27.545129	-61.828091 -33.374151	 96.422555	 12.204885	 27.087216	 2.475749  6.013091	 70.826419	 39.693493	-31.381343	-10.959993	-7.958274  2.121383	 86.204381	 64.375967	-28.098465	 10.684531	-19.997326
390 1  0.046018	-0.236000  0.0 -0.26 0.0 -0.7 0.0 -0.7 3.14  19.166642	-22.008870	-34.995433 -61.615854	 59.490782	 77.209617	 89.182722	-70.220158 -58.739056	 42.673889	 49.468043	 69.238525	-18.212804  18.736881	 1.998790	 13.715164	-13.087973	-8.130118	-14.889689  1.865446	 35.176892	 75.221108	-7.646387	 7.588608	-21.309821
400 1 -0.006870	-0.185545  0.0 -0.26 0.0 -0.7 0.0 -0.7 3.14  0.092953	-9.892090	-11.338371 -51.420211	 58.805939	 57.040910	 77.968317	-30.824734 -17.856051	 71.596896	 6.732145	 86.507445	 33.333344  74.483456	 59.836182	 11.737568	-26.354303	-6.625767	-11.713304  22.083069	 53.697760	 44.536171	-36.561217	 11.383751	 7.810172
410 1  0.007302	-0.078428  0.0 -0.26 0.0 -0.7 0.0 -0.7 3.14 -13.336321	-17.140924	 3.359909 -45.638274	 62.571940	 73.939325	 64.985746	 89.324273 -71.500030	 29.429074	 56.653350	 44.383190	 89.639773  50.809753	 80.646105	-61.585017	-9.461989	-1.960240	-19.280610  57.311174	 54.222829	 21.021124	-42.397902	 32.239291	-3.180833
420 1 -0.002942	-0.042507  0.0 -0.26 0.0 -0.7 0.0 -0.7 3.14 -1.277738	-8.257405	-12.375940 -43.244133	 82.263728	 59.049414	 103.366407	 38.218074  6.800733	 97.204491	 61.430341	 73.159133	-70.732893  75.208981	 38.863818	 43.698792	-18.767745	-5.429662	 6.296866 -25.346960	 35.248911	 71.865634	-101.483448	 8.422516	 14.467808
430 1  0.071188	-0.011986  0.0 -0.26 0.0 -0.7 0.0 -0.7 3.14 -21.376196	-17.229241	-4.005325 -21.728304	 61.159198	 47.633680	 60.475482	 77.275700 -44.696286	 91.294673	 14.061121	 74.317853	 49.539229  49.611879	 56.472691	 50.263580	-26.859282	-18.603774	 6.349861  56.065947	 14.474470	 45.335932	-112.389975	-0.368114	 14.238714
440 1  0.043781	-0.002846  0.0 -0.26 0.0 -0.7 0.0 -0.7 3.14 -5.382760	 2.969883	-20.319276 -32.118023	 94.729704	 60.681188	 17.555577	-9.882150 -41.352147	 70.332389	 24.847549	 67.697235	 12.916625  55.450127	 44.724248	 21.818796	-28.376769	-13.262315	 4.177547 -17.690210	 53.713362	-25.968668	-88.044957	 0.472695	-8.265939
450 1  0.054440	-0.126353  0.0 -0.26 0.0 -0.7 0.0 -0.7 3.14  21.112255	-13.590908	-41.712989 -25.806486	 98.849559	-17.022303	 47.157328	 3.218238 -86.496814	 73.991754	 39.719632	 52.662364	-23.668776 -1.260007	 19.889483	-12.670389	-24.475985	-17.942657	-10.229331 -11.348406	 14.607711	 50.385591	-37.880278	 32.672450	-8.165406
460 1  0.078702	-0.067158  0.0 -0.26 0.0 -0.7 0.0 -0.7 3.14  10.402081	-0.945015	-48.622773 -18.781860	 54.302231	-15.586116	 70.392310	-60.454701 -60.496416	 54.548902	-6.375194	 87.906798	 63.118495  48.714627	 72.005013	-2.915346	-13.609029	-5.441920	-10.062622  13.363762	 45.214809	-71.604496	-63.708834	 15.477269	 18.612115
470 1  0.022493	-0.071009  0.0 -0.26 0.0 -0.7 0.0 -0.7 3.14  25.425835	 5.615923	 1.263580 -7.609105	 90.632101	 67.830340	 77.362310	-6.125274 -26.060652	 46.475831	 67.095506	 28.966458	-64.593179  1.964634	 55.652854	 11.248909	-6.286597	 5.514576	-8.658216  74.165886	 16.229836	 0.251014	-93.191107	 2.169309	-14.060032
480 1  0.025868	-0.205191  0.0 -0.26 0.0 -0.7 0.0 -0.7 3.14 -9.354492	-25.314362	-47.749178 -14.553756	 92.334660	-22.166766	 20.732511	 49.778531 -22.644722	 89.579353	 28.015781	 49.042302	 63.004466 -24.572520	 22.255098	-28.200074	-5.684791	-10.410935	-11.162980 -22.257248	 82.640968	 51.664088	-115.962460	-6.554202	 13.669021
490 1  0.078720	-0.141452  0.0 -0.26 0.0 -0.7 0.0 -0.7 3.14 -13.239049	-23.856074	-17.537018 -7.241596	 51.683434	 10.558194	 27.726306	-44.019609 -38.202961	 27.535241	-5.935230	 49.271136	-26.214714  50.040378	 32.265410	 22.977727	-25.802434	-18.427409	 0.000864  87.905782	 74.390761	-25.690086	-4.409758	 0.689000	 6.052567
500 1  0.006032	-0.091285  0.0 -0.26 0.0 -0.7 0.0 -0.7 3.14  8.053888	-0.247037	-6.618132 -41.065746	 73.068589	-6.296532	 36.151700	-69.309165 -14.116641	 38.549425	-22.680065	 84.945049	-2.077585  10.880947	 83.969724	 45.343885	-23.266906	-4.632179	-13.202008  46.512424	 86.521275	 35.532537	-57.254248	-15.297962	 1.105450
510 1  0.020426	-0.100624  0.0 -0.26 0.0 -0.7 0.0 -0.7 3.14  13.573682	 0.303587	-41.839989 -18.703562	 25.005522	 43.617659	 53.930204	 35.577734  8.166348	 87.083807	 43.222225	 72.586594	 28.203137  70.285959	 1.505398	-11.580516	-48.208156	-14.910133	-6.992888  20.221155	 17.240303	 9.915148	-95.325619	 19.421001	 9.401048
520 1  0.046585	-0.237254  0.0 -0.26 0.0 -0.7 0.0 -0.7 3.14 -2.533473	-24.700241	-11.460199 -49.423234	 58.462706	-1.658319	 15.725425	 43.236509 -26.654729	 62.051757	 76.943072	 61.366012	-3.923455  85.511649	 12.014666	 32.598946	-18.616078	-13.551165	-16.444427  23.052218	 40.099145	 21.726441	-118.396030	 6.769722	-4.149123
530 1  0.010176	-0.027210  0.0 -0.26 0.0 -0.7 0.0 -0.7 3.14  2.113981	 24.308442	-37.756651  3.469161	 70.339468	 69.665997	 28.094055	 7.581706  3.164641	 89.092348	 28.898100	 53.242692	 51.401899  88.485668	 24.140612	-4.468209	-1.487772	 8.622612	-1.064469  12.643893	 15.406045	 34.358081	-80.076142	 27.831441	-21.937292
540 1 -0.004565	-0.226802  0.0 -0.26 0.0 -0.7 0.0 -0.7 3.14  9.404162	-1.331970	-31.781920 -20.070283	 52.967333	 49.962559	 60.657130	 38.593836 -39.507539	 82.477310	 5.486956	 101.165821	 17.457607  66.239967	 22.550365	 42.813000	-15.622245	-7.945199	-16.069824  14.539371	 13.152589	-56.023252	-56.918996	 21.224793	 15.974394
550 1  0.006589	-0.028379  0.0 -0.26 0.0 -0.7 0.0 -0.7 3.14  33.480095	-2.883371	 1.317079 -21.307191	 99.752953	 39.221985	 52.362495	-56.242977 -74.896546	 50.503845	-15.717626	 42.800513	-37.612544  6.904194	 85.945663	-18.248954	-42.528823	-14.411425	-13.856232  54.053172	 1.804917	 10.310454	-77.434985	 4.542100	-1.768762
560 1  0.073269	-0.193881  0.0 -0.26 0.0 -0.7 0.0 -0.7 3.14  27.388084	-13.137218	-2.051350 -32.194804	 89.727982	 30.072393	 104.914926	-34.346257 -21.753374	 96.939225	 38.648986	 47.521707	 45.140460  70.061885	 10.173599	 4.626231	-36.371918	-17.306534	-4.193453  12.453263	 51.795029	-24.341322	-21.402083	 37.069406	-10.465801
570 1  0.032704	-0.214897  0.0 -0.26 0.0 -0.7 0.0 -0.7 3.14  27.736171	-10.317460	-3.472711 -55.676305	 74.308194	 6.591271	 66.698045	-64.982149 -11.789900	 59.939628	-29.427055	 74.749793	 35.977490  5.089775	 60.376932	 60.279101	-35.656359	-18.717534	-16.123223  73.397168	 14.317339	-79.178845	-100.811144	-2.888597	 15.492752
580 1  0.006775	-0.135517  0.0 -0.26 0.0 -0.7 0.0 -0.7 3.14 -21.684483	-13.483330	 1.245255 -38.679694	 94.270383	-20.149112	 17.378797	-48.564504 -0.022872	 34.614019	 31.337887	 43.884119	 32.094272  19.523964	 23.623985	-25.240952	-37.639818	-19.666326	-10.107617  63.072349	 40.722803	-42.373865	-109.928470	-1.262686	-4.920364
590 1 -0.002617	-0.241248  0.0 -0.26 0.0 -0.7 0.0 -0.7 3.14  10.614823	 15.141101	-3.357650 -4.976170	 43.961541	 14.066106	 47.723998	 47.109811 -31.887225	 40.669495	 21.689965	 49.948914	 25.721034  39.396585	 19.273649	 77.307489	-11.380548	-12.194478	-18.149673  13.736406	 45.988199	-73.965881	-108.857258	 33.741380	 5.674047
600 1  0.084076	-0.079933  0.0 -0.26 0.0 -0.7 0.0 -0.7 3.14  23.119880	 9.960347	-1.863654 -39.564835	 88.253202	 48.851892	 52.878231	 20.488935 -23.253772	 27.759631	 6.909544	 27.343573	-64.294947 -19.010249	 2.852150	 14.990463	-10.114166	-17.043101	-1.003650  29.642054	 20.387118	-31.555678	-117.640441	 10.404703	-10.320439
610 1 -0.003015	-0.010845  0.0 -0.26 0.0 -0.7 0.0 -0.7 3.14 -19.106345	 4.135347	-46.112870 -50.896876	 49.181670	 53.247717	 68.075265	-76.837059 -27.118860	 59.206858	-11.052170	 66.242149	 63.975145  38.385731	 14.122984	-50.691824	-22.062072	-3.326697	-0.370273 -21.146404	 68.021058	-21.612721	-62.570732	 33.542538	 10.360197
620 1  0.035247	-0.136336  0.0 -0.26 0.0 -0.7 0.0 -0.7 3.14  32.546292	 23.630438	-21.852195 -12.369561	 70.473071	-36.954609	 84.596145	-89.175160 -28.699545	 73.127693	 72.707842	 83.335998	-82.370144  84.889453	 14.982621	 32.251390	-37.482725	-19.866808	-3.033608  18.857353	 86.111288	 32.272924	-88.418113	-6.174760	 13.019815
630 1  0.010797	-0.114024  0.0 -0.26 0.0 -0.7 0.0 -0.7 3.14  23.758291	 12.337120	-20.298784 -93.988141	 55.402362	 25.527747	 51.497449	-83.379254 -89.946099	 34.455309	 6.902557	 102.817191	 38.538755 -25.075102	 34.428903	-16.209709	-12.798668	-2.551476	-17.308376  33.504960	 4.268733	-32.114469	-29.861587	-5.980790	 7.137973
640 1  0.003291	-0.130079  0.0 -0.26 0.0 -0.7 0.0 -0.7 3.14  3.065652	 9.199883	-22.203477 -68.623295	 98.920651	 31.496691	 62.122330	 66.613637 -39.508740	 51.176721	 24.753591	 46.773867	 50.579465  79.977683	 50.340323	 61.123441	-23.200543	-10.897905	 2.886391 -19.578402	 66.282750	-50.156120	-78.439072	-11.892856	-21.473826
650 1  0.078864	-0.022880  0.0 -0.26 0.0 -0.7 0.0 -0.7 3.14  21.713339	-20.629975	-25.649147 -25.754564	 45.779425	 65.299166	 52.564762	-82.439482 -76.355623	 40.599278	 61.624149	 54.168085	 7.143821  40.031179	 47.819715	-7.756493	-29.487281	-17.525141	 5.356670  12.582107	 24.014730	-32.953543	-38.385180	 0.211081	-18.340310
660 1  0.044934	-0.069755  0.0 -0.26 0.0 -0.7 0.0 -0.7 3.14 -3.678285	 20.375609	-17.785848 -37.249862	 79.464248	 60.004028	 96.090035	 56.391975 -77.801820	 38.159408	 79.453122	 86.222551	-68.334435  11.178241	 73.743961	-25.296384	-14.738140	-14.777761	-18.043056  53.889397	 80.777673	-0.476534	-46.613321	 34.616358	 18.651355
670 1  0.051657	-0.008226  0.0 -0.26 0.0 -0.7 0.0 -0.7 3.14 -11.118301	-4.063199	-12.298461 -59.832425	 86.084256	 13.577823	 66.638041	 85.606235 -27.629059	 96.521414	 33.693037	 46.376457	 43.247979  19.586097	 18.820693	 19.587405	-15.534056	-16.415442	 10.987966  9.108185	 57.672121	-30.250037	-20.808413	 31.686352	-21.817717
680 1  0.070554	-0.028267  0.0 -0.26 0.0 -0.7 0.0 -0.7 3.14 -15.217536	 23.815805	-19.406411 -79.643706	 34.423559	 70.884254	 95.735017	-25.738934 -88.553359	 50.575796	-28.182843	 28.241098	 48.925829  54.053096	 17.162216	-74.486442	-7.344342	-5.759788	-13.324306  30.072002	 48.702893	 22.305135	-117.756480	 36.277301	-14.424014
690 1  0.019419	-0.062193  0.0 -0.26 0.0 -0.7 0.0 -0.7 3.14  36.810900	-0.175345	 1.849614 -94.208288	 34.772194	-7.965654	 90.859681	 67.847807  0.428571	 54.311367	 41.389799	 50.140372	 81.378163  65.955825	 27.490122	-61.220547	-23.079630	 1.511451	-12.353520  17.090971	 6.594840	 28.475762	-57.671908	-8.070748	-12.397471
700 1  0.043652	-0.123126  0.0 -0.26 0.0 -0.7 0.0 -0.7 3.14  12.799524	-7.772149	 8.560631 -47.666331	 68.946364	 68.907348	 60.482748	 84.393542 -49.504442	 81.068059	 76.147535	 95.782700	 43.124785  77.417525	 37.861435	-28.422107	-25.511589	-0.909186	-10.085933  42.502269	 5.702656	-57.465107	-104.641958	-1.437341	 5.446828
710 1 -0.003171	-0.151283  0.0 -0.26 0.0 -0.7 0.0 -0.7 3.14  19.008810	 14.132090	-5.389899 -80.765849	 99.067950	-30.188152	 36.383362	-28.303077 -25.503878	 78.657298	 55.478835	 92.824508	-36.603464  8.426804	 10.125672	-41.929914	-10.136089	 0.558024	-13.125440 -26.746840	 45.465914	-9.737768	-75.145890	-8.708524	-10.721128
720 1 -0.016144	-0.086637  0.0 -0.26 0.0 -0.7 0.0 -0.7 3.14 -18.169465	-19.431064	-44.067503 -16.892684	 82.428173	 7.626307	 46.625193	 3.452541 -91.437392	 59.329815	 5.622692	 34.978439	-11.698065  16.605433	 11.842961	-40.443300	-17.986419	 1.701274	-0.264370  53.948207	 80.959174	-36.974050	-6.462853	 38.629492	-2.256919
730 1  0.033176	-0.013808  0.0 -0.26 0.0 -0.7 0.0 -0.7 3.14  25.237630	-18.986849	-17.828635 -33.836467	 45.170112	 40.999695	 30.372680	 15.961573 -46.775694	 72.555483	 55.465718	 76.066974	-32.850110  88.424350	 0.956227	-3.360835	-46.570906	-12.310089	 21.435818 -3.374512	 36.811018	-71.426497	-56.263094	-14.107129	 0.674901
740 1  0.020873	-0.176482  0.0 -0.26 0.0 -0.7 0.0 -0.7 3.14  12.662816	-24.428347	-25.848378 -29.488520	 72.866949	-22.391590	 94.135674	 2.864615 -85.639805	 69.540219	 17.041140	 18.472305	-62.664999  63.899541	 56.023175	 58.656112	-21.368820	-12.566892	-3.534345 -22.411610	 79.127422	-26.888248	-68.059216	 5.016770	 5.350558
750 1  0.022722	-0.148810  0.0 -0.26 0.0 -0.7 0.0 -0.7 3.14  15.779536	 25.799772	-21.910979 -78.384190	 49.098409	-21.721980	 68.319699	 70.101355 -20.921094	 57.376632	 30.143355	 73.397514	 24.996234  44.777693	 66.925430	 68.296195	-2.936777	-1.861500	-7.000045  21.764697	 59.692904	 2.301938	-9.612953	-0.107494	-19.608215
760 1  0.040927	-0.035425  0.0 -0.26 0.0 -0.7 0.0 -0.7 3.14  7.194559	-10.457791	-8.893755 -27.503649	 42.410333	-35.732280	 68.304075	 9.406423 -72.149534	 38.886878	 60.167082	 32.111836	-75.635813  17.417718	 88.169646	 5.680752	-35.051533	-14.801042	-11.573845  83.519036	 50.297723	 3.220169	-79.203920	 28.519799	 13.225724
770 1  0.078709	-0.111876  0.0 -0.26 0.0 -0.7 0.0 -0.7 3.14  17.607254	 14.846403	-12.340025 -6.096252	 59.702984	-4.741383	 16.176345	 61.393283 -85.402137	 44.226427	 6.036289	 86.213372	-62.511296 -4.695795	 54.689217	 42.967649	-12.839046	-11.189955	-12.952129  41.855854	 61.423388	 32.141583	-90.004539	 30.047332	 2.783854
780 1  0.028642	-0.035137  0.0 -0.26 0.0 -0.7 0.0 -0.7 3.14  24.797330	 17.337091	-7.330573 -36.544210	 44.539310	 36.150270	 91.525216	 12.090327 -70.394002	 81.107478	 25.067148	 15.968898	-37.427498  19.727907	 81.191837	-3.562493	-2.716261	 8.310310	-6.209114  29.752008	 14.236959	 4.199317	-16.194371	 26.358660	 7.791251
790 1  0.037172	-0.203548  0.0 -0.26 0.0 -0.7 0.0 -0.7 3.14  16.819116	-8.142876	-12.100411 -53.832068	 53.885940	 16.076566	 17.120505	 17.771812 -73.946446	 44.473793	 63.692639	 92.947063	 15.484255  41.514951	 62.461653	 59.577633	-9.866731	-1.692926	-10.986930 -18.973711	 88.651407	-40.502570	-45.153598	 24.826561	 6.550956
800 1  0.050796	-0.250911  0.0 -0.26 0.0 -0.7 0.0 -0.7 3.14  32.628175	-3.634450	 6.732616 -72.446948	 82.299606	-10.197224	 34.283048	-4.772205 -22.824237	 65.396278	-13.904809	 69.200640	 72.270612  58.906893	 35.929249	 37.629542	-21.329669	-18.985352	-15.882277 -22.414188	 49.825316	-12.896978	-3.892837	-6.168642	-5.324969
810 1  0.063504	-0.037494  0.0 -0.26 0.0 -0.7 0.0 -0.7 3.14  19.946711	 5.892483	 6.037347 -13.379405	 82.391333	-17.308767	 80.564308	-73.903438 -70.389069	 30.460786	 10.106828	 70.434191	 57.694682  40.521195	 71.439858	 21.546022	-3.812449	 2.397303	-0.526671  5.808660	 65.223250	-35.793816	-25.995453	-16.292728	 11.525587
820 1  0.049546	-0.034777  0.0 -0.26 0.0 -0.7 0.0 -0.7 3.14 -16.921615	-18.355128	-11.717108 -68.177343	 42.183528	 8.647828	 65.979308	 81.634312 -28.434437	 42.782696	 2.282965	 29.390057	 58.769654  77.444290	 62.137233	-61.128106	-34.312331	-16.468366	-8.134202  18.524978	 17.655705	-78.567504	-4.301803	 15.485583	-14.315554
830 1  0.054069	-0.114965  0.0 -0.26 0.0 -0.7 0.0 -0.7 3.14  7.619924	-2.359384	-3.105006 -72.076681	 74.799576	 6.187451	 84.764058	 2.722093 -42.408083	 64.154600	 48.847603	 96.786469	-24.001248  19.600493	 70.714577	 35.081565	-7.834077	-4.731094	-12.900472 -1.875109	 34.187482	 59.933719	-18.049145	 12.210830	-15.169119
840 1 -0.012554	-0.038816  0.0 -0.26 0.0 -0.7 0.0 -0.7 3.14  6.599829	-3.673160	-43.189140 -26.396824	 78.409077	 3.255996	 69.122901	 78.009933 -19.298354	 83.172799	-33.174214	 46.574861	-60.673618  10.175712	 86.631981	 48.241300	-13.643526	 7.130620	-7.870779  48.346116	 25.101316	-62.060213	-109.551901	 31.688882	 2.633291
850 1  0.058344	-0.154499  0.0 -0.26 0.0 -0.7 0.0 -0.7 3.14  25.025646	-6.265265	-38.733503 -81.571659	 30.808332	 13.020984	 48.623568	 51.538872  1.970604	 93.203910	 48.060602	 29.529007	-88.437023  66.405154	 78.555734	-31.569054	-28.754664	-9.538984	-18.154926  41.357027	 24.592424	 24.437439	-58.436743	-8.929776	-15.479589
860 1 -0.017568	-0.067864  0.0 -0.26 0.0 -0.7 0.0 -0.7 3.14  39.159356	 17.545133	-31.587428 -70.512338	 42.562102	-22.392022	 91.313447	-66.122933 -80.620957	 48.730169	-2.859658	 49.605063	-9.297734  89.575149	 3.675085	-7.679843	-43.398520	 0.172970	-6.069418  26.862448	 4.853641	 10.834709	-2.780743	 33.822802	 14.434913
870 1  0.016285	-0.132928  0.0 -0.26 0.0 -0.7 0.0 -0.7 3.14 -19.781847	 6.382304	-23.473234 -41.329488	 74.804678	 73.116618	 27.318423	-15.050833 -77.752318	 35.137185	-18.497168	 28.430065	 50.696052  19.987423	 65.446402	 36.788951	-32.907418	-7.647282	-14.839929  70.512150	 6.502859	 43.304602	-13.870336	 7.625811	 8.005933
880 1  0.028758	-0.020441  0.0 -0.26 0.0 -0.7 0.0 -0.7 3.14  38.837146	 18.562504	-32.036149 -86.869500	 88.395577	-18.720314	 79.561876	-29.080789 -54.302581	 72.323949	-12.487115	 28.125447	-68.306769  27.160888	 45.747321	 16.928408	-37.052678	-3.688271	 5.713577  82.523566	 7.353988	 28.861134	-16.478931	 24.469020	-6.955255
890 1  0.038822	-0.025376  0.0 -0.26 0.0 -0.7 0.0 -0.7 3.14  36.243737	-4.472458	-9.187666 -11.883916	 34.327719	 55.213899	 59.452880	 21.661390  2.946107	 55.704027	-8.190721	 69.928740	-72.793568  1.317195	 53.691145	-55.628092	-8.268686	-5.430336	-5.518704 -5.148171	 61.216853	-41.682122	-61.070000	-9.181787	 13.308254
900 1  0.004635	-0.158092  0.0 -0.26 0.0 -0.7 0.0 -0.7 3.14 -6.934303	-23.946690	-31.679039 -57.776000	 83.519324	 37.853849	 77.003867	-0.777715 -53.491127	 90.682036	 1.718348	 81.630216	 14.763325  37.773544	 66.107795	 3.458332	-45.564003	-19.946326	-16.606345  40.310388	 21.508387	 0.710267	-14.083749	 37.063585	-3.382522
910 1  0.023243	-0.038513  0.0 -0.26 0.0 -0.7 0.0 -0.7 3.14  21.262954	-23.853255	-20.957854 -84.131174	 77.994553	 9.226966	 48.035119	 50.462514  3.382867	 64.300490	 76.438827	 73.366041	-7.433649  42.667993	 9.236133	-38.682381	-22.200689	 5.324362	-7.962458  70.555393	 5.933568	 40.086458	-84.077441	 5.048081	-12.196744
920 1  0.073478	-0.089801  0.0 -0.26 0.0 -0.7 0.0 -0.7 3.14  6.335175	-25.728618	-22.535664 -82.713618	 36.291922	 2.801043	 28.629889	 59.026813 -72.873921	 45.658609	 31.392757	 90.644675	-37.151116 -28.199772	 32.821097	 77.948315	-4.457854	-16.528497	-13.464397 -7.751815	 64.377770	-63.361472	-93.663474	-16.203245	-3.795359
930 1  0.038470	-0.036608  0.0 -0.26 0.0 -0.7 0.0 -0.7 3.14  35.204155	 5.961192	-37.422479 -58.862382	 99.882876	 13.172814	 57.060263	 7.578573 -7.548116	 91.854724	 18.366401	 31.505715	-54.170821  3.940192	 39.778891	-1.695387	-16.998462	-7.389281	-0.058897  9.143702	 51.820825	 37.897956	-48.607442	-1.763192	 11.040065
940 1  0.030362	-0.046044  0.0 -0.26 0.0 -0.7 0.0 -0.7 3.14  15.241167	-0.297676	-8.204856 -68.378554	 46.739612	 79.715243	 23.055759	 27.249016 -66.594062	 94.866669	 16.455475	 46.279744	-63.238807  18.736630	 86.357728	-10.533606	-29.980003	-16.744086	-15.920155  41.150153	 80.686626	 16.345779	-71.738859	 13.788900	-5.373708
950 1  0.059957	-0.170451  0.0 -0.26 0.0 -0.7 0.0 -0.7 3.14  30.318611	-5.368369	-45.792512 -29.640565	 49.421803	 3.503218	 52.212345	 67.782125 -90.328095	 33.378239	 0.160592	 33.656436	 12.257673  78.456140	 2.720749	 7.466867	-16.210121	 1.438081	-7.151722 -1.283432	 71.137936	-38.768105	-97.312677	 24.283530	-15.177310
960 1 -0.009457	-0.250010  0.0 -0.26 0.0 -0.7 0.0 -0.7 3.14  15.298202	-5.822652	-7.738972 -85.057090	 65.058692	 19.483974	 45.467536	-47.476939 -4.861062	 94.570026	 47.502719	 90.808297	-42.207681 -14.350365	 12.163954	-19.444469	-18.168583	-6.084091	-15.271662  10.815055	 85.716934	-29.251807	-15.032750	 7.050918	 14.346288
970 1  0.004660	-0.226174  0.0 -0.26 0.0 -0.7 0.0 -0.7 3.14 -3.230925	-1.116996	 5.740792 -65.256630	 49.404845	 0.545671	 77.697446	-19.757005 -20.369290	 82.904051	 63.496043	 42.878085	 82.745424  49.076900	 38.862902	 29.837622	-28.742233	-8.451332	-14.881716  47.019780	 16.164349	 57.348223	-3.526652	 22.194051	-12.187269
980 1 -0.009477	-0.151065  0.0 -0.26 0.0 -0.7 0.0 -0.7 3.14  22.227164	 13.436898	-1.691632 -82.066810	 26.808134	-4.863224	 17.050610	 27.326763 -37.940927	 24.801760	 48.075008	 50.840476	 19.090450  61.070393	 36.973491	 32.882050	-34.206154	-3.257954	-3.891372  88.499466	 16.718927	 31.138618	-97.819501	 13.167348	 4.165924
990 1 -0.001565	-0.025073  0.0 -0.26 0.0 -0.7 0.0 -0.7 3.14 -4.519789	-13.463977	-1.973958 -82.952546	 61.030362	-28.373323	 15.247233	-75.145082 -20.361640	 61.654705	 9.644405	 26.322424	-66.116637  23.316435	 16.264653	 18.582416	-28.862209	-13.363854	 14.441249  55.106782	 60.845173	-73.655109	-7.892511	 21.243312	 13.530330
