0 1  0.023854	-0.117940  0.0 -0.26 0.0 -0.7 0.0 -0.7 3.14  14.911699	-16.881637	-0.832700 -51.527959	 54.974321	-10.086936	 78.325486	-15.852271 -52.083156	 77.913906	 0.330077	 15.432400	 72.644260  37.244440	 3.691990	 7.140528	-46.063055	-16.161612	 1.465740  30.476694	 13.521311	-13.915627	-20.056096	-0.032117	-18.737694
20 1  0.042682	-0.156634  0.0 -0.26 0.0 -0.7 0.0 -0.7 3.14  26.691964	 2.351802	-17.928770 -14.068924	 60.392512	 43.839216	 56.042306	-41.480791 -69.279304	 33.005889	 27.399954	 27.890920	 72.366225  17.494899	 3.520135	 26.285132	-31.855846	-14.521538	-7.278719  37.922556	 5.678719	-34.864857	-41.781000	-11.329505	-12.639844
40 1  0.015993	-0.124328  0.0 -0.26 0.0 -0.7 0.0 -0.7 3.14  16.661268	-18.443892	-8.559257 -70.669815	 50.750527	 7.237927	 66.077089	 23.200270 -85.420582	 60.004742	 32.263715	 99.302226	 41.074612  42.001255	 3.831315	 8.699146	-46.888375	-12.632667	 0.780142  38.818469	 12.685521	-17.674341	-26.559657	 0.765046	-18.657993
60 1  0.043595	-0.141111  0.0 -0.26 0.0 -0.7 0.0 -0.7 3.14  2.706503	 17.655682	-4.294718 -72.816240	 59.352314	-4.997748	 38.130412	-81.192065  2.706324	 64.104778	 15.145883	 47.844515	-17.886800  11.573674	 16.398544	-4.881047	-1.490176	 1.031328	-16.539808  23.695191	 1.039815	 3.825558	-33.375808	-17.416293	-0.046601
80 1  0.015768	-0.100796  0.0 -0.26 0.0 -0.7 0.0 -0.7 3.14  20.059595	 17.643465	-16.890893 -36.185255	 42.890917	 1.388499	 88.267163	-75.877048 -94.046589	 47.037117	-14.262656	 71.324413	-87.822743  31.779025	 6.768094	 1.484615	-30.059904	-3.130483	-6.822976  33.044479	 8.726534	-9.421575	-26.656877	 0.061731	-10.609606
100 1  0.010801	-0.113932  0.0 -0.26 0.0 -0.7 0.0 -0.7 3.14  7.769239	 4.127370	-4.932844 -38.911533	 94.287273	 3.108369	 15.304744	 19.366700 -66.114739	 58.902355	 5.762883	 33.870614	-13.580411  42.836233	 0.378672	-8.992297	-39.793999	-7.231821	-7.920801  42.032318	 14.922498	-0.814905	-45.452771	-12.594550	-10.308030
120 1  0.026807	-0.134408  0.0 -0.26 0.0 -0.7 0.0 -0.7 3.14  26.809495	-15.297899	-3.595113 -72.404958	 74.299987	-6.212685	 32.631803	-19.968129  5.613738	 77.197685	-4.951153	 104.323476	-6.935960  15.150904	 6.867352	 2.362144	-38.627282	-15.744785	-5.285599  14.611738	 9.282142	-8.810562	-30.762137	-10.007216	-11.978692
140 1  0.021014	-0.067982  0.0 -0.26 0.0 -0.7 0.0 -0.7 3.14  6.823958	 19.831917	-10.242798 -40.987678	 54.679035	 10.043477	 43.639319	-73.160551 -64.514648	 64.431059	 52.240185	 65.591199	-0.341282  33.290512	 1.437986	-4.609011	-40.923707	-13.068191	-2.894935  26.543028	 14.141656	-1.906500	-29.913829	-8.469185	-14.399151
160 1  0.031799	-0.168390  0.0 -0.26 0.0 -0.7 0.0 -0.7 3.14 -11.169964	-4.994484	-18.693778 -92.042147	 54.058905	 45.173759	 81.082850	 80.539349 -61.921829	 74.389797	-12.854473	 85.574732	-1.687194  33.721054	 2.467434	-12.432681	-8.355682	 4.473365	-13.146327  44.577562	 15.962257	 5.176144	-45.098882	-18.645323	-4.339998
180 1  0.040126	-0.171131  0.0 -0.26 0.0 -0.7 0.0 -0.7 3.14  28.982508	-14.225356	 7.062625 -95.458550	 47.174436	-35.205483	 49.288716	 71.096505  7.031406	 65.509055	 39.570021	 51.283551	-1.626823  12.960329	 9.902107	-10.998224	-22.421551	-6.129609	-13.784378  15.508825	 6.838986	 5.517149	-38.289280	-17.024190	-3.325186
200 1  0.062965	-0.148293  0.0 -0.26 0.0 -0.7 0.0 -0.7 3.14  0.065979	 14.946529	-18.908720 -77.788021	 46.961824	-14.593231	 23.666657	-79.808225 -81.586600	 38.775645	-14.863287	 105.848180	-5.436346  18.724347	 4.184496	 26.307944	-7.134709	-4.160339	-9.640346  42.422843	 4.074399	-30.113968	-26.690682	-6.506641	-9.061127
220 1  0.062107	-0.147451  0.0 -0.26 0.0 -0.7 0.0 -0.7 3.14  5.906102	 10.600247	-18.127051 -0.900504	 38.930314	 15.389623	 35.039565	 81.545100 -85.767543	 61.687446	-1.503650	 18.221725	 83.856900  27.917719	 7.010037	 25.723078	-16.221599	-8.329386	-7.182018  40.790588	 6.864995	-29.099829	-9.986501	 3.045859	-11.328364
240 1  0.065164	-0.142298  0.0 -0.26 0.0 -0.7 0.0 -0.7 3.14  24.698640	 7.801862	-5.437599 -1.689714	 51.517021	-9.825093	 75.129080	 44.094329  7.657518	 95.554002	 56.208535	 61.329346	-19.125684 -3.459382	 9.953197	 33.561729	-21.968639	-18.795923	-8.608353  13.968767	 2.025733	-34.804737	-16.982504	-6.001059	-11.147239
260 1  0.015911	-0.150148  0.0 -0.26 0.0 -0.7 0.0 -0.7 3.14  9.334858	 16.565834	-4.810185 -79.696963	 29.445729	-17.062401	 59.721615	 79.543876 -28.228584	 77.387619	 31.251578	 42.120464	-86.352525 -6.156021	 13.141521	 8.989660	-8.079263	-3.020995	-14.910817  12.094081	 0.564042	-10.793197	-35.098596	-14.345547	-1.977534
280 1  0.031514	-0.156006  0.0 -0.26 0.0 -0.7 0.0 -0.7 3.14 -8.930344	-17.809441	-17.520852 -17.696120	 28.940934	 30.105424	 56.491751	 42.440388 -10.425638	 35.357714	-19.017994	 55.893362	-55.778952  32.083012	 10.145669	-15.393194	-18.274276	-3.222697	-12.683981  29.511936	 6.240775	 10.637722	-28.942257	-12.703729	-4.500401
300 1  0.054753	-0.173422  0.0 -0.26 0.0 -0.7 0.0 -0.7 3.14  36.695484	-10.127510	-13.562585 -58.468875	 66.270982	 14.810724	 40.238077	-23.805366 -12.046915	 84.168616	 35.231720	 21.895079	-13.224153  8.297641	 2.609057	 21.334349	-24.449449	-13.497928	-7.014331  26.556159	 8.718675	-27.823258	-35.720072	-12.722430	-11.579633
320 1  0.017569	-0.093558  0.0 -0.26 0.0 -0.7 0.0 -0.7 3.14 -10.667633	 19.497235	-14.531146 -19.720453	 43.061993	 5.486951	 65.090137	-59.740719 -3.391560	 46.662581	 42.078886	 64.935838	 43.811220  35.286907	 2.920895	-7.341023	-42.287729	-17.058311	-6.721301  31.953806	 12.999438	 0.381549	-41.295432	-18.337069	-10.930189
340 1  0.058844	-0.124912  0.0 -0.26 0.0 -0.7 0.0 -0.7 3.14  7.133771	 13.113937	-1.134415 -83.079892	 59.888980	 36.236189	 79.693460	-57.680666 -66.949129	 88.921757	-35.958733	 101.032094	 22.429844  38.081998	 14.113803	 13.992173	-39.988673	-17.710449	-7.212808  43.951623	 1.661628	-20.442551	-29.621705	-6.409248	-11.002016
360 1  0.020035	-0.106678  0.0 -0.26 0.0 -0.7 0.0 -0.7 3.14  12.214114	-0.555266	-13.846587 -4.361180	 93.189251	-11.253663	 79.871396	-29.850918 -1.431460	 94.267068	 26.047137	 83.666836	-4.714008  29.427597	 14.700449	 16.700438	-45.627062	-18.492701	-2.578971  26.945697	 4.370546	-24.080973	-12.325530	 5.753552	-15.837373
380 1  0.033362	-0.126262  0.0 -0.26 0.0 -0.7 0.0 -0.7 3.14 -4.015808	-2.283451	 9.318315  6.691446	 58.013326	-29.389445	 64.124802	-6.007272 -44.260962	 34.824485	-23.003968	 49.614546	 12.931904  34.734284	 3.314548	 2.065238	-13.869616	 0.020173	-5.244843  34.775112	 12.930180	-5.938528	-9.613207	 3.175620	-11.415417
400 1  0.014641	-0.150588  0.0 -0.26 0.0 -0.7 0.0 -0.7 3.14 -2.878026	 0.203446	 8.829970 -55.937154	 50.371826	-36.742877	 15.071668	-35.388292 -2.428412	 55.438759	 5.213661	 17.454526	-13.632898  8.000012	 7.362071	 19.242836	-29.821168	-17.895394	-9.152808  24.824996	 4.948232	-24.510623	-39.958487	-16.845372	-9.303757
420 1  0.027249	-0.098711  0.0 -0.26 0.0 -0.7 0.0 -0.7 3.14  2.036562	 6.950839	-2.255063 -22.033116	 49.691336	-12.530769	 39.549953	-85.126998 -74.507259	 52.454394	 49.588308	 45.613092	-5.030426  26.659904	 3.302231	-12.456400	-38.419473	-15.253926	-6.702638  18.210097	 11.934857	 6.988716	-33.069839	-15.713013	-10.799035
440 1  0.032490	-0.115630  0.0 -0.26 0.0 -0.7 0.0 -0.7 3.14  29.236206	-1.637129	-16.371319 -70.670803	 59.005747	 26.658362	 81.377354	 35.228237 -41.427921	 52.824574	 41.131412	 87.578798	-60.246511  18.829621	 15.966550	-0.676762	-44.311280	-17.507463	-8.804765  15.729557	 0.282119	-7.215324	-31.305604	-8.539466	-8.874170
460 1  0.016033	-0.140808  0.0 -0.26 0.0 -0.7 0.0 -0.7 3.14  24.977142	 2.040590	-5.685609 -5.840634	 74.588932	 34.705222	 55.531262	-65.191917 -34.041338	 99.479207	-5.422071	 37.899347	-16.672095  31.374018	 13.902192	-18.047475	-36.252098	-7.253750	-16.262518  28.073886	 1.502088	 8.828471	-42.832409	-13.452312	-1.788389
480 1  0.061653	-0.132711  0.0 -0.26 0.0 -0.7 0.0 -0.7 3.14  33.842426	 7.508555	-10.931643  5.022898	 73.187910	 20.299120	 78.646634	-45.208307 -34.872661	 96.656564	-32.539058	 81.214410	-54.775583  32.947384	 2.785081	 17.127140	-40.391026	-16.432646	-3.426914  43.865271	 10.970281	-26.359761	-39.460341	-10.392400	-15.337814
500 1  0.012635	-0.128713  0.0 -0.26 0.0 -0.7 0.0 -0.7 3.14  32.397025	 2.702608	 7.311021 -75.577064	 78.859068	 16.251404	 38.690771	-56.403580  5.643490	 33.136556	-31.676388	 68.664585	-15.742012  22.645399	 14.077408	-3.753624	-19.853422	 1.636910	-10.763958  18.456071	 1.899476	-2.402928	-10.203175	 7.265302	-6.229912
520 1  0.060346	-0.147491  0.0 -0.26 0.0 -0.7 0.0 -0.7 3.14  23.579939	-8.436352	-5.626061 -14.453355	 57.757960	 29.904184	 33.975505	 11.685349 -55.595419	 74.929463	-13.067598	 77.678561	 22.144878  24.885117	 2.154433	-16.449859	-4.228719	 6.437229	-12.031371  32.748582	 17.176155	 10.237691	-40.899457	-18.056602	-5.664848
540 1  0.010762	-0.167010  0.0 -0.26 0.0 -0.7 0.0 -0.7 3.14  13.280918	 11.358905	-18.721172 -11.179640	 82.040743	-4.376638	 17.928530	 7.560493 -52.463311	 76.189173	-17.366331	 92.927868	 0.673706  11.393101	 2.637888	 19.022771	-17.386091	-4.252951	-12.246311  37.000913	 5.337573	-27.288409	-47.539984	-13.732871	-6.510408
560 1  0.025818	-0.112533  0.0 -0.26 0.0 -0.7 0.0 -0.7 3.14 -11.290766	 6.557646	-16.299246  4.848980	 59.990341	-20.441970	 36.393061	 51.979403 -41.624382	 59.429743	 2.258248	 43.385300	-37.641551  26.932877	 11.355551	 14.486263	-27.729307	-12.921182	-6.422892  28.373430	 5.939575	-18.385034	-8.863844	 2.408423	-11.023940
580 1  0.016343	-0.076931  0.0 -0.26 0.0 -0.7 0.0 -0.7 3.14  33.686905	 11.007238	-14.561038 -35.212500	 87.297687	-16.212242	 56.277282	-20.540738 -78.481223	 49.536671	 15.526856	 92.013506	-70.682760  11.975304	 2.915051	 23.489672	-44.006789	-18.542564	 2.665686  16.092495	 14.368138	-31.385523	-19.809077	 1.302428	-21.429665
600 1  0.062750	-0.113358  0.0 -0.26 0.0 -0.7 0.0 -0.7 3.14  37.610361	 14.115021	-7.090286 -75.013525	 51.385429	 19.039008	 23.530764	-18.691660 -24.523790	 64.821607	 54.390739	 25.688819	 80.186596  27.934028	 4.287293	-14.222293	-30.891159	-9.067322	-11.804003  26.913777	 12.119391	 7.363420	-43.333421	-19.422763	-5.903989
620 1  0.058119	-0.170847  0.0 -0.26 0.0 -0.7 0.0 -0.7 3.14 -8.137804	-11.295776	-1.964496 -17.998965	 96.057115	 57.830645	 100.339449	-39.687508 -90.586117	 96.128884	 4.010541	 67.196086	-71.723228  17.289778	 5.307929	 15.630829	-9.116014	-9.402661	-8.776349  33.904769	 7.798042	-17.788252	-25.355028	-13.344934	-8.532643
640 1  0.059768	-0.103952  0.0 -0.26 0.0 -0.7 0.0 -0.7 3.14  26.122535	-4.758283	-14.705142 -90.273604	 62.611391	 6.553135	 72.755265	 21.366683 -0.657166	 70.649588	 16.716669	 88.516161	 79.853733  38.664672	 5.189226	-36.856436	-3.334016	 10.046734	-16.026639  33.116008	 14.414775	 31.477232	-39.292048	-19.439024	-4.142699
660 1  0.063378	-0.091137  0.0 -0.26 0.0 -0.7 0.0 -0.7 3.14 -19.879520	 19.617570	-10.089238 -13.601950	 73.464949	-35.038496	 80.553695	-6.135279 -94.507794	 35.184413	-29.103824	 35.116702	-63.444397  8.569767	 4.097439	 7.155185	-2.275426	-8.178316	-6.264098  14.494922	 11.895166	-6.427729	-6.479853	-8.354941	-10.338505
680 1  0.032594	-0.092256  0.0 -0.26 0.0 -0.7 0.0 -0.7 3.14  32.293065	 6.801716	 3.774373 -35.771448	 96.357038	 1.968024	 15.543331	 54.415545 -56.800241	 84.863029	 22.908247	 50.313187	 48.975348  31.490955	 9.695471	-2.131883	-36.888569	-8.894836	-4.526010  17.340954	 6.652603	-4.359957	-4.396229	 8.975989	-12.522823
700 1  0.025145	-0.089491  0.0 -0.26 0.0 -0.7 0.0 -0.7 3.14  23.958768	 10.038221	-9.494117 -65.061153	 56.171278	 24.863638	 83.978284	-9.755920 -48.458801	 37.615598	-22.720791	 59.158909	 36.089848  41.698672	 12.573773	-9.375001	-38.010757	-5.917178	-7.534834  27.786992	 2.166482	 0.393740	-12.642345	 6.749708	-9.980003
720 1  0.015054	-0.061298  0.0 -0.26 0.0 -0.7 0.0 -0.7 3.14  30.399806	 13.870492	-12.306354 -11.204541	 40.014202	-25.722403	 75.860938	-85.591267 -63.640939	 27.276572	-14.041360	 55.539754	 17.902409  40.320678	 0.808451	-25.528036	-33.947661	-2.374944	-8.087500  24.438736	 10.979936	 18.531353	-26.653196	-5.479345	-10.656733
740 1  0.061768	-0.125090  0.0 -0.26 0.0 -0.7 0.0 -0.7 3.14  27.039829	 13.722663	-17.883002 -42.906621	 73.010918	-2.465890	 15.935803	-58.899242 -67.223144	 33.403680	 11.761277	 33.697704	-54.354176  34.574520	 10.985768	-7.521179	-21.226083	-3.124173	-15.047143  41.757791	 5.431626	 1.321274	-41.564919	-14.953458	-2.022020
760 1  0.037192	-0.139204  0.0 -0.26 0.0 -0.7 0.0 -0.7 3.14 -5.694554	-0.719903	-0.290086  0.609477	 95.758717	-13.000082	 32.881339	 50.055306 -59.385981	 82.104335	 39.989094	 21.036887	-44.072313  10.573580	 14.224267	-16.493641	-3.999891	-2.322132	-12.729018  4.544121	 1.885564	 15.536657	-11.567708	-11.240467	-4.402699
780 1  0.010493	-0.133347  0.0 -0.26 0.0 -0.7 0.0 -0.7 3.14  4.062537	 2.348433	-13.449133 -53.931617	 60.185061	 51.041145	 24.574128	-32.825171 -4.252367	 63.579995	-13.725270	 101.069267	 49.577989  26.443157	 11.144466	-16.992567	-26.641858	-5.627433	-14.219845  23.226159	 4.862526	 10.393369	-35.883809	-14.206750	-3.301294
800 1  0.024256	-0.186484  0.0 -0.26 0.0 -0.7 0.0 -0.7 3.14  6.452024	-6.199139	-3.209541 -49.301029	 39.822577	 19.427088	 43.535673	 65.379239 -38.040893	 84.847339	 17.435491	 41.111718	 58.112853  24.358982	 11.626750	 7.799025	-20.596588	-4.060733	-13.443110  38.925196	 2.085463	-13.297272	-38.220592	-9.778951	-3.929376
820 1  0.038959	-0.107853  0.0 -0.26 0.0 -0.7 0.0 -0.7 3.14  19.214682	 14.302163	-17.387972 -72.795437	 63.773231	-19.124739	 51.088519	 11.095486 -41.743292	 47.776373	 35.899598	 55.427157	 13.452793  20.601306	 5.596248	 14.690841	-31.814421	-12.597254	-5.177885  29.450528	 9.111510	-21.487737	-29.375466	-6.250973	-12.744316
840 1  0.060970	-0.127166  0.0 -0.26 0.0 -0.7 0.0 -0.7 3.14  15.688010	 2.880101	-6.644370 -62.327842	 97.813395	 8.195589	 64.735586	 9.456572 -1.477711	 57.337428	-5.389847	 16.927026	-44.142298  5.879695	 1.290183	 1.673897	-17.888449	-12.693576	-6.010754  11.479095	 15.135392	-4.585485	-26.993720	-17.091389	-10.823922
860 1  0.063786	-0.169739  0.0 -0.26 0.0 -0.7 0.0 -0.7 3.14  0.092290	-11.050341	 5.518531 -50.074840	 38.796191	-4.122906	 56.083482	-87.158963 -61.421569	 31.091771	-22.521995	 51.250482	 86.234232  29.595505	 1.544647	-2.683246	-7.175739	 1.451000	-10.152709  43.764224	 14.866478	-3.656195	-38.972823	-16.256521	-6.890089
880 1  0.048263	-0.102436  0.0 -0.26 0.0 -0.7 0.0 -0.7 3.14  4.001562	 1.735104	-15.793551 -86.790847	 27.798309	 3.570948	 16.900310	-18.191239 -29.510377	 97.753907	-11.822117	 31.633438	 34.868988  39.717780	 6.722522	-37.427642	-32.491290	-10.344088	-14.538080  19.849783	 3.117828	 30.983676	-29.274883	-18.212685	-5.509868
900 1  0.054228	-0.129470  0.0 -0.26 0.0 -0.7 0.0 -0.7 3.14  8.526808	-9.197631	-3.770548 -24.664032	 49.957954	 46.064241	 22.826516	 42.386123 -32.619762	 62.273715	 27.367813	 67.774481	-58.376542  39.351329	 2.378438	 9.663681	-41.580965	-18.145982	-2.150949  43.181993	 13.449637	-17.153989	-34.829206	-11.342222	-15.605128
920 1  0.057536	-0.134648  0.0 -0.26 0.0 -0.7 0.0 -0.7 3.14  11.603886	-13.822739	-12.693706 -70.527426	 75.362103	 46.716020	 29.850856	 20.062635 -91.200103	 88.865464	 31.931274	 66.054988	 13.706728  28.920348	 12.127325	-26.171069	-29.482400	-11.793401	-13.864196  14.369674	 1.033871	 20.415392	-25.532684	-16.070119	-4.397424
940 1  0.068039	-0.097788  0.0 -0.26 0.0 -0.7 0.0 -0.7 3.14  14.721819	 0.819968	 0.931011  4.292669	 96.153397	 55.660561	 59.390868	 27.330275 -56.359492	 55.925360	-14.249476	 43.480104	 56.157915  42.928393	 2.473637	-1.610446	-38.384454	-14.193714	-2.315800  36.187031	 13.574570	-3.770673	-23.709555	-6.606730	-14.672364
960 1  0.052627	-0.149925  0.0 -0.26 0.0 -0.7 0.0 -0.7 3.14  27.302877	-7.025108	 1.629800 -37.002973	 75.721608	-19.862479	 18.948110	 40.185243 -84.400058	 46.671558	-28.024824	 69.512798	-38.390491  1.257737	 0.372815	 7.080223	-10.416174	-5.196105	-6.435971  14.239755	 14.491380	-11.800458	-28.051413	-12.437041	-10.541619
980 1  0.025414	-0.095566  0.0 -0.26 0.0 -0.7 0.0 -0.7 3.14 -11.012744	 17.240511	 3.631667 -44.027841	 98.168840	 42.299773	 54.475893	 34.325740 -83.650388	 95.894566	 33.796260	 32.563353	 4.459591  16.156796	 1.311339	-15.592546	-4.618724	-0.679914	-5.650429  7.761779	 14.121239	 15.940291	-6.554825	-6.512249	-11.455493
1000 1  0.026619	-0.104476  0.0 -0.26 0.0 -0.7 0.0 -0.7 3.14  11.826033	 11.216625	-2.020740 -88.847939	 62.059924	-32.238356	 65.023111	 41.719794 -91.077992	 44.408490	 43.109023	 66.150097	-36.114243  25.651191	 8.074044	-19.101682	-21.816030	-3.480097	-12.405354  20.434541	 7.814999	 13.600912	-31.005977	-13.226256	-5.176088
1020 1  0.032099	-0.132920  0.0 -0.26 0.0 -0.7 0.0 -0.7 3.14  20.716594	-1.916983	-11.091489  2.905200	 78.505877	-10.373796	 84.646754	 77.876884 -4.075356	 46.504572	 49.048222	 103.577113	-7.048837  12.885084	 12.469707	 21.812093	-32.870764	-16.233487	-6.930037  22.387016	 2.692071	-26.745543	-21.917913	-2.822665	-11.665791
1040 1  0.017692	-0.160110  0.0 -0.26 0.0 -0.7 0.0 -0.7 3.14  27.720908	 16.994197	-6.017516 -18.879832	 92.621419	-5.456956	 41.029542	 65.909790 -37.217210	 70.203919	 46.285115	 27.786579	 36.027513  18.008858	 2.425563	 15.866750	-17.943910	 0.251501	-11.176736  40.863917	 6.863461	-25.528069	-44.685180	-8.161336	-7.513660
1060 1  0.014476	-0.132814  0.0 -0.26 0.0 -0.7 0.0 -0.7 3.14  1.721855	 15.723700	-5.234772 -50.074729	 99.697746	 28.882569	 75.511494	-10.032534 -88.764049	 58.722896	 39.403960	 56.058985	 32.267581  26.363002	 9.217050	 13.598980	-3.022986	 9.026093	-9.931830  39.970494	 4.419725	-18.134660	-12.979309	 8.544408	-7.582122
1080 1  0.042790	-0.079754  0.0 -0.26 0.0 -0.7 0.0 -0.7 3.14  1.915952	 16.484460	-0.913053 -45.263098	 62.278284	-22.005589	 44.589598	 38.292533 -25.392300	 84.423057	 25.821627	 24.860890	-60.116595  41.427963	 8.022464	-27.995491	-20.534091	-3.629267	-11.162098  23.311395	 3.283882	 23.653063	-11.508805	-6.139853	-7.145230
1100 1  0.045879	-0.140750  0.0 -0.26 0.0 -0.7 0.0 -0.7 3.14 -15.013160	 4.389396	-12.624186 -77.207414	 47.289752	 28.727726	 85.129268	-57.121576 -34.350283	 58.136426	-34.597652	 70.439866	-12.960471  28.911774	 3.095960	 16.409735	-22.775544	-12.553627	-5.914215  41.997826	 10.660777	-21.683056	-28.560020	-10.369786	-11.837151
1120 1  0.018677	-0.174057  0.0 -0.26 0.0 -0.7 0.0 -0.7 3.14 -3.932984	-15.333233	 5.429552 -34.138016	 51.849264	 7.121254	 22.583845	-72.857832 -88.143688	 58.304154	 54.113486	 47.899459	 74.423933 -1.458166	 8.332980	 16.223162	-19.378612	-14.271959	-11.321515  16.453465	 4.266473	-19.251762	-37.025334	-18.533171	-6.383060
1140 1  0.065969	-0.099848  0.0 -0.26 0.0 -0.7 0.0 -0.7 3.14 -11.843880	 18.995454	-19.598566 -66.923694	 39.658531	 5.542219	 29.490128	 50.770745  8.888426	 90.130858	-17.374619	 79.518855	 11.367773  21.879527	 13.007076	-17.493369	-23.493192	-17.205507	-12.289289  9.955290	 1.768266	 15.496359	-18.164811	-19.163919	-5.212154
1160 1  0.024146	-0.158098  0.0 -0.26 0.0 -0.7 0.0 -0.7 3.14  19.984420	-16.273678	-13.562562 -13.592357	 74.337317	 32.144215	 82.528625	-42.272387  7.723948	 61.258555	 8.743777	 38.052057	-5.031604  23.454940	 13.296328	 3.765194	-31.278245	-10.039788	-9.675975  26.066122	 2.568402	-9.919670	-27.146964	-5.203081	-7.604459
1180 1  0.012829	-0.130196  0.0 -0.26 0.0 -0.7 0.0 -0.7 3.14  5.880584	 6.564141	-2.773972 -63.538454	 76.633219	 19.120272	 30.752208	 13.042137 -40.013946	 89.590380	 34.657941	 49.353124	-54.318539  30.831087	 8.984757	-26.037367	-8.073993	 7.868353	-16.021896  30.568635	 9.678229	 19.861960	-37.748366	-14.707559	-2.314831
1200 1  0.036979	-0.118617  0.0 -0.26 0.0 -0.7 0.0 -0.7 3.14  34.117904	 6.305904	-14.295474 -66.326321	 86.503947	 38.009462	 69.391921	 64.969945 -27.251451	 79.732365	 21.340427	 73.607036	 83.706400  33.706245	 13.516560	 8.474991	-41.485816	-11.381940	-5.896388  33.423828	 2.885140	-17.087568	-24.010552	 2.153220	-12.184438
1220 1  0.038741	-0.149645  0.0 -0.26 0.0 -0.7 0.0 -0.7 3.14  20.470925	-13.596950	-0.017984 -34.444930	 43.662082	 19.883564	 24.849374	 58.030068 -1.720727	 43.328203	 23.682130	 83.189163	 82.574555  16.507224	 10.887481	 4.427045	-24.390914	-9.506544	-8.756985  19.135048	 5.203387	-8.772661	-21.261903	-5.605027	-8.127220
1240 1  0.045278	-0.148004  0.0 -0.26 0.0 -0.7 0.0 -0.7 3.14  36.854640	 2.141613	-0.437371 -79.874373	 70.537509	 26.752769	 44.126300	 8.455348 -26.476498	 97.908417	 0.292898	 73.629736	-84.536226  29.199898	 3.830767	-2.212555	-11.437654	 7.423894	-10.987608  42.089615	 11.553416	-6.125690	-37.733964	-6.399541	-6.382984
1260 1  0.029670	-0.150196  0.0 -0.26 0.0 -0.7 0.0 -0.7 3.14  26.401841	-7.143751	-17.035457 -14.672318	 64.948957	 31.044933	 16.770471	 31.451868 -18.317698	 78.424227	-27.295241	 57.254764	 6.072430  14.336450	 5.769995	 17.302345	-39.852605	-19.177682	-6.115604  27.328668	 7.559102	-25.324338	-42.747406	-14.695218	-12.653744
1280 1  0.052247	-0.176276  0.0 -0.26 0.0 -0.7 0.0 -0.7 3.14  29.475462	-11.723141	 0.659550 -10.345358	 36.967621	 15.884520	 29.115150	 65.075220 -3.652685	 81.978492	 48.464694	 70.524875	-49.786661  24.824168	 14.419500	-9.033449	-17.210615	-2.236656	-16.259371  30.977662	 2.405928	 4.124333	-37.619243	-14.556203	-0.651555
1300 1  0.031256	-0.155122  0.0 -0.26 0.0 -0.7 0.0 -0.7 3.14  31.734207	-4.278861	-17.276936 -68.028274	 62.808460	-28.885306	 69.779809	-79.406490 -2.659926	 75.195975	 51.171186	 26.607973	-51.042694 -6.153668	 7.069186	 32.893972	-17.394203	-11.775605	-7.867003  11.323013	 4.525122	-35.828093	-13.266403	 0.387038	-11.771890
1320 1  0.046889	-0.119776  0.0 -0.26 0.0 -0.7 0.0 -0.7 3.14  17.742420	 1.686732	-11.694911 -76.525251	 27.458536	 17.204400	 89.959408	 39.212080 -76.489736	 71.033760	 53.864704	 60.302034	 64.332528  43.157917	 9.577757	-36.429395	-16.669832	 3.890104	-19.465839  35.479159	 7.228627	 28.865867	-41.459595	-18.306702	-0.248590
1340 1  0.014152	-0.113825  0.0 -0.26 0.0 -0.7 0.0 -0.7 3.14  6.122193	 8.108935	-3.679560 -90.846862	 41.784244	-32.691554	 88.328121	-60.711300 -2.956566	 85.849030	 47.122833	 42.747064	 1.464145  19.716698	 3.203431	-24.840903	-6.810921	 5.687847	-10.166762  14.356644	 13.787459	 21.099179	-26.026504	-11.819153	-8.051796
1360 1  0.039094	-0.134966  0.0 -0.26 0.0 -0.7 0.0 -0.7 3.14 -1.994628	 13.072244	-19.804129 -45.196086	 88.513408	-12.810255	 60.150218	 20.975171 -71.145254	 28.616930	 33.713640	 23.760699	 9.910172  10.612187	 5.152867	 27.924616	-12.079419	-7.198115	-9.921304  34.021882	 2.956060	-31.875345	-28.899149	-7.540435	-9.125156
1380 1  0.014804	-0.126295  0.0 -0.26 0.0 -0.7 0.0 -0.7 3.14  11.604134	-2.676934	-1.427313  4.794382	 62.176899	 33.414183	 20.233043	-25.179396  6.250733	 65.371956	 2.352197	 16.379634	-46.140483  35.013235	 10.060887	-21.892491	-19.653425	 1.421951	-12.786549  26.902999	 4.905440	 15.506644	-24.389668	-6.245134	-5.008928
1400 1  0.022266	-0.090476  0.0 -0.26 0.0 -0.7 0.0 -0.7 3.14  13.895081	 8.924657	-7.939996 -37.344106	 87.033277	-28.855612	 87.448861	-27.117186 -79.384747	 53.040031	 25.570831	 95.627360	-50.218510  28.401548	 6.666383	-1.907873	-49.604046	-19.798015	-5.344577  25.831567	 9.160785	-6.516265	-41.668644	-15.103443	-12.490547
1420 1  0.026173	-0.161106  0.0 -0.26 0.0 -0.7 0.0 -0.7 3.14 -5.311950	-11.660259	-6.962541  8.802955	 74.651837	-1.851035	 29.676964	-82.439125 -33.585469	 72.125250	 36.842158	 43.842346	 62.472946  30.425060	 14.296585	-21.856021	-19.004342	-3.554061	-17.065314  26.938606	 2.427413	 16.417706	-34.928705	-17.267081	-0.607578
1440 1  0.058672	-0.144356  0.0 -0.26 0.0 -0.7 0.0 -0.7 3.14  11.021643	 6.547481	 2.144228 -65.410472	 29.331154	 26.950128	 105.196709	 2.926018 -8.592732	 96.493860	 41.114537	 104.127256	-1.163746  36.216542	 11.559880	-3.114571	-22.578356	-4.725260	-11.814916  40.009264	 4.393786	-2.425837	-30.433663	-8.656988	-5.115831
1460 1  0.018700	-0.142340  0.0 -0.26 0.0 -0.7 0.0 -0.7 3.14  22.862919	-14.868207	 6.816347 -27.805864	 86.571758	 8.380734	 65.402545	 57.049025  1.371543	 72.474874	 6.909604	 59.409991	-64.519486  12.692678	 7.161108	-39.293643	-4.864961	 8.524060	-14.890046  0.913620	 8.727106	 34.689450	-27.908146	-14.429510	-5.426398
1480 1  0.051982	-0.147546  0.0 -0.26 0.0 -0.7 0.0 -0.7 3.14  15.541615	-11.766387	-13.406762 -17.328978	 86.347887	 31.007788	 66.318540	-2.059360 -62.057225	 70.123233	 32.642039	 20.071439	-84.039361  16.479001	 15.994356	-19.788562	-2.475211	 3.795114	-15.146223  14.631714	 1.557925	 17.054856	-22.255854	-12.155080	-2.262078
1500 1  0.013966	-0.156156  0.0 -0.26 0.0 -0.7 0.0 -0.7 3.14  21.476337	 18.006384	-7.413057 -29.594062	 65.538489	 46.358222	 38.442357	-67.389752 -56.569268	 33.890464	-14.104853	 86.933404	-76.019821 -4.138453	 1.183055	 30.599642	-0.492625	 3.584237	-11.310375  27.146957	 1.160308	-36.470422	-33.690234	-4.531636	-8.565512
1520 1  0.020561	-0.163344  0.0 -0.26 0.0 -0.7 0.0 -0.7 3.14  2.543494	-19.748975	-19.503288 -1.462009	 49.250188	 32.831263	 68.549902	 15.649309 -80.408517	 37.936336	 47.414529	 58.897066	 30.497549  5.466961	 11.697767	 6.764120	-26.792666	-15.216663	-11.506226  14.902909	 3.687455	-10.618391	-35.948921	-17.304844	-5.682501
1540 1  0.037749	-0.173014  0.0 -0.26 0.0 -0.7 0.0 -0.7 3.14  17.506218	 2.651581	 1.967584 -89.448686	 41.481265	-17.571657	 96.025959	-47.624364 -61.743374	 46.380478	 46.860772	 73.962918	-69.815003  6.238212	 5.151745	 26.940656	-22.698860	-12.373580	-10.357763  29.960606	 2.668023	-32.816312	-40.415232	-13.176995	-9.129806
1560 1  0.024290	-0.136779  0.0 -0.26 0.0 -0.7 0.0 -0.7 3.14  2.695725	-6.355527	 1.401815 -33.093562	 54.115089	-25.218369	 24.465889	-13.845493 -40.816703	 53.460934	 15.255214	 33.964208	 32.421619  36.984007	 4.569869	 16.654061	-32.003179	-10.235151	-2.770961  42.417677	 11.279804	-23.653119	-19.738388	 1.678335	-15.245643
1580 1  0.022025	-0.143477  0.0 -0.26 0.0 -0.7 0.0 -0.7 3.14  9.508032	-5.464870	 1.015951 -84.427501	 70.256364	 0.854022	 81.656413	-57.706832 -49.132352	 28.478537	 59.896070	 17.470533	 6.600910 -0.743023	 11.939977	 10.676731	-9.512654	-4.340265	-10.366050  7.700561	 3.387714	-12.343667	-13.116061	-2.683075	-6.462321
1600 1  0.020783	-0.123917  0.0 -0.26 0.0 -0.7 0.0 -0.7 3.14  31.810641	-4.746305	-8.773076 -16.625875	 79.892119	-17.059971	 52.535943	-19.216532 -53.766851	 30.151891	-5.638747	 83.051098	-14.332537  28.263142	 3.161098	 0.283304	-0.684596	 15.882201	-6.307792  34.728887	 12.695025	-6.556852	-11.718977	 10.399231	-10.858138
1620 1  0.041517	-0.075448  0.0 -0.26 0.0 -0.7 0.0 -0.7 3.14 -5.436642	 14.001028	-16.553632 -60.220484	 96.969902	 21.257867	 59.167660	 25.867654 -69.023532	 38.272770	 6.525102	 18.795242	 80.187160  38.164940	 3.054944	-13.748679	-39.200296	-16.783732	-6.509214  28.160263	 11.935620	 8.778612	-32.311228	-16.841883	-11.057048
1640 1  0.056353	-0.128184  0.0 -0.26 0.0 -0.7 0.0 -0.7 3.14  33.839044	 11.314355	 4.905240 -95.046182	 53.887565	 22.345712	 86.244941	 31.068360 -58.473157	 41.765586	 32.444156	 77.019623	 89.220377  7.131945	 10.816829	-5.239870	-13.275162	-2.738185	-12.375486  12.622596	 5.761594	 1.472131	-29.379496	-12.330280	-4.315492
1660 1  0.059929	-0.098244  0.0 -0.26 0.0 -0.7 0.0 -0.7 3.14 -16.975107	-4.233871	-9.440803 -89.081481	 64.741988	-24.060423	 40.867191	-33.937870 -48.118943	 27.614787	 15.104796	 91.601033	-17.579687  41.658374	 7.161169	-22.593086	-28.181136	-13.145576	-9.480451  24.594561	 5.266356	 19.410727	-16.189168	-12.787288	-8.364457
1680 1  0.067499	-0.133114  0.0 -0.26 0.0 -0.7 0.0 -0.7 3.14  39.772315	-9.654794	-1.794689  9.612762	 98.765684	 32.380148	 23.950755	 30.698390  2.823420	 90.073556	-19.864274	 72.861625	-29.417621  33.573667	 1.645044	-10.256854	-28.779660	-5.151643	-8.779191  33.499524	 14.422006	 2.927299	-38.475164	-13.060875	-8.784435
1700 1  0.059665	-0.133533  0.0 -0.26 0.0 -0.7 0.0 -0.7 3.14  34.067292	-13.246692	 5.614327 -42.244175	 50.456305	 25.342277	 54.968300	-45.915743  1.669300	 79.955757	 5.186139	 67.981363	 86.990375  34.507174	 6.164859	-9.624841	-4.269476	 9.274819	-7.585361  28.895725	 9.666825	 6.323949	-2.295461	 7.846178	-9.219020
1720 1  0.031738	-0.091568  0.0 -0.26 0.0 -0.7 0.0 -0.7 3.14  30.444198	 17.498213	 2.426589 -51.498377	 60.013178	-22.748545	 82.796774	 30.320698  6.504485	 30.518553	 27.795830	 75.283356	 57.699620  11.578643	 12.452164	-5.672385	-42.478831	-19.888280	-8.699459  6.255035	 3.650458	-0.802941	-32.677139	-14.761677	-8.680860
1740 1  0.026353	-0.112391  0.0 -0.26 0.0 -0.7 0.0 -0.7 3.14  18.923172	 9.851934	-10.174216 -89.712278	 81.950832	-27.911687	 87.805993	-78.228679 -73.822066	 38.752819	-30.239017	 63.669205	-27.803384  28.745272	 2.352402	 4.428683	-3.918199	 10.041874	-5.496474  34.534196	 13.400498	-9.671057	-8.784572	 9.009400	-11.482559
1760 1  0.066964	-0.162014  0.0 -0.26 0.0 -0.7 0.0 -0.7 3.14 -7.422528	 0.605785	 5.344548 -29.334507	 92.927744	 15.369760	 96.710434	-3.908069  5.095433	 30.460843	-24.094541	 69.889400	 18.685798  15.451787	 9.172753	 29.452425	-5.829341	-8.814927	-10.679403  34.710664	 1.572254	-29.102761	-12.569425	-3.870129	-8.006777
1780 1  0.041540	-0.132223  0.0 -0.26 0.0 -0.7 0.0 -0.7 3.14 -14.176330	 6.459158	-3.137549 -20.943895	 56.388272	 9.913386	 82.838305	 43.600596 -85.206167	 75.019064	 18.785913	 94.138764	 49.420800  10.345920	 12.115894	-5.539937	-8.115596	-7.440767	-11.487067  11.754744	 4.666488	 5.002941	-18.266761	-14.624444	-5.103880
1800 1  0.033810	-0.165439  0.0 -0.26 0.0 -0.7 0.0 -0.7 3.14 -10.893819	-8.305126	-9.796579 -3.383433	 90.966322	-11.711633	 20.059446	-89.628699 -43.812231	 65.381924	 30.672928	 15.074616	-67.262229  13.679964	 7.820871	 18.958964	-1.204771	-1.401126	-10.813047  34.595265	 3.278848	-20.555058	-23.456918	-7.537286	-6.701112
1820 1  0.028586	-0.125016  0.0 -0.26 0.0 -0.7 0.0 -0.7 3.14  24.058807	 5.378926	-17.217308 -88.816485	 55.330657	 3.331068	 19.484432	 26.249100 -22.786993	 88.808979	-8.808154	 61.468921	-0.961086  5.058727	 5.989310	 13.976275	-21.434223	-8.571510	-5.976872  12.770442	 9.290708	-18.566094	-18.152870	-2.118116	-11.386199
1840 1  0.048367	-0.133035  0.0 -0.26 0.0 -0.7 0.0 -0.7 3.14  27.053989	 0.590020	-13.595040 -1.471376	 99.818576	 55.067068	 25.201764	-6.298667 -54.891189	 84.343119	 4.439565	 28.052164	 5.643398  18.485857	 4.172898	-4.744577	-15.143541	-1.397796	-8.895436  23.603433	 12.208873	-0.485604	-29.889476	-10.373060	-7.977623
1860 1  0.069245	-0.161048  0.0 -0.26 0.0 -0.7 0.0 -0.7 3.14  29.885758	 3.426128	-3.110684 -91.985951	 83.100649	 6.419910	 68.765079	-51.448621 -74.114621	 92.119148	 47.088082	 54.574433	-42.828258  21.577578	 4.047646	 30.615416	-33.116866	-19.208068	-4.810318  40.015740	 6.581658	-37.544630	-32.956014	-9.559508	-15.306465
1880 1  0.057897	-0.117387  0.0 -0.26 0.0 -0.7 0.0 -0.7 3.14 -8.707971	-12.120671	 2.289314 -52.664754	 55.038266	-1.460329	 53.907514	-50.650079  6.842783	 37.312487	 27.754107	 19.776652	 48.547672  36.100294	 5.534431	-38.106529	-6.889084	 1.569003	-12.185940  18.739411	 6.493658	 36.439158	-15.657498	-13.879790	-7.914588
1900 1  0.040497	-0.142242  0.0 -0.26 0.0 -0.7 0.0 -0.7 3.14  13.410279	 4.623102	-0.470335 -35.691373	 84.779548	-27.166170	 58.691306	 69.581672 -28.261303	 85.138055	-14.651558	 58.375440	 13.667196  34.512629	 9.289761	 13.296586	-34.410268	-11.673358	-7.144554  43.189189	 5.258140	-20.637425	-32.255913	-5.402894	-10.958104
1920 1  0.043104	-0.150708  0.0 -0.26 0.0 -0.7 0.0 -0.7 3.14  7.932634	-5.124600	-7.940343 -54.818122	 92.443152	-10.790204	 47.959698	 30.560108 -66.722281	 42.923752	-25.736954	 85.815754	-4.921195  34.716013	 2.710400	-12.093086	-16.821670	 0.751682	-12.491185  41.526764	 14.706468	 4.675727	-43.732370	-16.817394	-5.022277
1940 1  0.043816	-0.138566  0.0 -0.26 0.0 -0.7 0.0 -0.7 3.14  27.028156	 5.329339	 3.246340 -50.295734	 36.795771	-2.973681	 42.380511	-36.734687 -9.947927	 58.102670	-21.053879	 86.199723	-85.953300  30.713431	 5.990975	 22.818242	-39.062741	-15.632435	-2.611665  40.732312	 8.422714	-31.076338	-28.565960	-2.673337	-16.512608
1960 1  0.067671	-0.131925  0.0 -0.26 0.0 -0.7 0.0 -0.7 3.14  18.538091	-3.785615	-13.943299 -93.634756	 56.688654	-24.995331	 15.386942	-41.733842 -64.275333	 84.104158	 53.285909	 81.223816	 66.127261  44.401389	 15.361046	-5.420604	-28.399452	-6.219091	-11.092023  39.790127	 0.512415	-1.112221	-19.340044	-1.178907	-5.985201
1980 1  0.026756	-0.147063  0.0 -0.26 0.0 -0.7 0.0 -0.7 3.14  5.036792	-4.590244	-8.072377 -2.083668	 95.325332	-21.172827	 42.960161	 73.003295 -60.052608	 89.456138	-2.761134	 27.466346	-32.302851  14.193535	 0.854849	-8.569330	-19.608901	-6.796498	-8.236989  16.658123	 16.086974	 3.775666	-34.532962	-17.428466	-8.922150
