0 0 -0.189659	-0.124291	 0.192455 0.0 -0.26 0.0 -0.7 0.0 -0.7 3.14  49.065693	-18.442944	-21.744493 -37.227664	 76.983409	 0.834840	 85.089547	 24.533314 -6.404955	 93.644826	 21.615147	 82.208908	-66.635247  30.938169	 53.267801	 38.625268	-114.530175	-14.306025	-6.032284  0.000000	 0.000000	 0.000000	 0.000000	 0.000000	 0.000000
5 0 -0.139544	-0.079583	 0.255870 0.0 -0.26 0.0 -0.7 0.0 -0.7 3.14  66.465069	-10.271937	 8.933235 -5.079214	 90.693630	 39.338696	 76.428199	-79.051654 -35.148223	 75.857314	-18.977459	 88.683499	 48.911787  89.843743	 8.633040	 18.867269	-46.593267	 11.774235	 3.017578  0.000000	 0.000000	 0.000000	 0.000000	 0.000000	 0.000000
10 0 -0.267777	-0.111227	 0.325771 0.0 -0.26 0.0 -0.7 0.0 -0.7 3.14  25.483338	-24.266561	-24.952864 -67.668420	 91.093905	-28.185719	 71.535689	 60.630149 -67.735108	 80.779361	 57.402857	 94.048544	-39.826483  40.868707	 16.492175	 36.233326	-29.106554	 30.933412	 1.082701  0.000000	 0.000000	 0.000000	 0.000000	 0.000000	 0.000000
15 0 -0.221185	-0.060916	-0.011316 0.0 -0.26 0.0 -0.7 0.0 -0.7 3.14  26.345075	-19.189817	-47.041746  4.547802	 27.146818	 36.380174	 36.823271	-11.480573 -64.463256	 66.831182	 57.687228	 97.773657	 47.513095 -1.234644	 12.698729	 34.370430	-112.709295	 32.655693	-21.535458  0.000000	 0.000000	 0.000000	 0.000000	 0.000000	 0.000000
20 0  0.009710	-0.009721	 0.499104 0.0 -0.26 0.0 -0.7 0.0 -0.7 3.14  17.204859	-7.787826	-2.591352 -58.902844	 51.569461	-14.248363	 49.609161	 58.942661 -65.928588	 39.685646	 37.482699	 74.171629	-68.126887  6.671024	 77.441908	-51.332305	-18.238803	-9.811667	-9.660838  0.000000	 0.000000	 0.000000	 0.000000	 0.000000	 0.000000
25 0 -0.338355	-0.051170	 0.341686 0.0 -0.26 0.0 -0.7 0.0 -0.7 3.14 -0.443171	-17.671395	-3.256256 -92.390726	 75.466635	 30.931317	 50.483551	 82.432520 -91.098825	 37.673206	 19.801323	 47.505263	 36.853904 -12.944325	 36.721202	 74.723511	-32.688441	 26.714226	-7.964414  0.000000	 0.000000	 0.000000	 0.000000	 0.000000	 0.000000
30 0 -0.293022	-0.024287	 0.335597 0.0 -0.26 0.0 -0.7 0.0 -0.7 3.14  8.937339	 5.288939	-13.864135 -45.572625	 54.818301	 10.514971	 76.487476	 52.982489 -27.054303	 39.967581	 3.560862	 20.536498	-43.157164  40.353110	 57.288698	-71.769296	-37.806117	 30.991902	-15.407407  0.000000	 0.000000	 0.000000	 0.000000	 0.000000	 0.000000
35 0 -0.198377	-0.134868	 0.319407 0.0 -0.26 0.0 -0.7 0.0 -0.7 3.14  28.268207	 12.165589	-31.264092 -13.189586	 72.043190	-17.002559	 19.610026	 19.487540 -47.871443	 45.165978	-36.389817	 44.509301	-69.083000  86.501898	 48.622265	 65.302959	-12.413056	 22.334910	-15.708528  0.000000	 0.000000	 0.000000	 0.000000	 0.000000	 0.000000
40 0  0.027549	-0.176064	 0.393281 0.0 -0.26 0.0 -0.7 0.0 -0.7 3.14  54.529158	 14.628746	-35.844823  3.844118	 57.440955	 74.318693	 47.913298	 82.417738  6.386025	 61.515352	-13.083339	 44.459606	-81.585152  83.723719	 60.216811	-34.679363	-23.640465	-7.737086	-18.292818  0.000000	 0.000000	 0.000000	 0.000000	 0.000000	 0.000000
45 0 -0.093371	-0.083635	 0.434895 0.0 -0.26 0.0 -0.7 0.0 -0.7 3.14  27.707141	-14.077561	-18.323760 -48.713423	 51.791963	 54.991721	 24.484220	 3.276204 -44.804238	 98.075530	-29.814292	 30.954645	 6.518306  85.899265	 56.916395	 64.508356	-24.037384	-8.841812	-0.560377  0.000000	 0.000000	 0.000000	 0.000000	 0.000000	 0.000000
50 0 -0.165884	-0.076592	 0.292669 0.0 -0.26 0.0 -0.7 0.0 -0.7 3.14 -13.953597	 15.408611	-38.641470  6.470809	 84.851851	 10.121365	 52.953694	-24.651388 -58.225850	 63.160415	 29.574458	 50.929140	 6.282449 -26.938948	 30.335383	 4.546863	-83.724220	-19.990739	-18.056395  0.000000	 0.000000	 0.000000	 0.000000	 0.000000	 0.000000
55 0 -0.193542	-0.036950	 0.322926 0.0 -0.26 0.0 -0.7 0.0 -0.7 3.14  61.263183	 9.885385	-24.001228 -80.327641	 44.416281	-13.033501	 17.573291	 73.681408 -65.926308	 66.335776	 22.277947	 94.099074	-42.934092  26.665023	 4.241034	 14.359953	-44.462119	 29.594847	 6.609722  0.000000	 0.000000	 0.000000	 0.000000	 0.000000	 0.000000
60 0 -0.094486	-0.101761	 0.441351 0.0 -0.26 0.0 -0.7 0.0 -0.7 3.14  55.776951	-4.603820	 7.580009 -74.264118	 47.552601	-30.861040	 58.592031	 37.920752 -29.691419	 46.491473	 58.918162	 46.787516	 51.052398  73.269035	 67.614047	-79.991002	-54.300190	-2.296579	-15.751903  0.000000	 0.000000	 0.000000	 0.000000	 0.000000	 0.000000
65 0 -0.162878	-0.080221	 0.244280 0.0 -0.26 0.0 -0.7 0.0 -0.7 3.14  40.591763	 25.257850	-16.793689 -33.873394	 38.723918	-3.187929	 77.869348	 85.360994  2.920570	 38.278964	-2.756463	 32.933292	 39.350852  82.905584	 4.250945	 44.241929	-56.193699	 14.818664	-11.657726  0.000000	 0.000000	 0.000000	 0.000000	 0.000000	 0.000000
70 0 -0.309645	-0.107626	 0.162722 0.0 -0.26 0.0 -0.7 0.0 -0.7 3.14  38.073412	 6.550926	-33.108115 -64.210562	 50.508326	-33.369879	 32.947413	-71.843961 -74.008169	 76.575723	 42.240509	 79.391151	 10.378086  78.618905	 89.037317	-0.785848	-77.998452	 28.593991	-21.196783  0.000000	 0.000000	 0.000000	 0.000000	 0.000000	 0.000000
75 0 -0.136739	-0.074673	 0.302641 0.0 -0.26 0.0 -0.7 0.0 -0.7 3.14  44.452696	 10.345420	-28.319029 -31.056216	 82.114799	 53.239898	 26.889079	 19.154812 -77.557715	 72.409146	-34.348963	 57.572186	-70.412062  33.567543	 42.280749	 50.780824	-89.345388	-15.883430	 3.948487  0.000000	 0.000000	 0.000000	 0.000000	 0.000000	 0.000000
80 0  0.008299	-0.047878	 0.427550 0.0 -0.26 0.0 -0.7 0.0 -0.7 3.14  40.247267	 15.221925	-46.158677 -57.680466	 43.741902	-34.813200	 101.654656	 45.045646 -2.596645	 55.940491	 16.893829	 62.151539	-23.886179  77.149928	 60.151088	-56.476537	-44.997790	-12.805635	-6.208426  0.000000	 0.000000	 0.000000	 0.000000	 0.000000	 0.000000
85 0 -0.283089	-0.085962	 0.297440 0.0 -0.26 0.0 -0.7 0.0 -0.7 3.14 -8.628655	 10.841448	-19.550587 -79.707421	 67.274231	-26.298292	 19.694956	 23.752172 -62.404779	 82.983102	 27.551437	 58.293296	 27.276713  25.814561	 86.926209	 58.292063	-61.282945	 22.231130	-21.198700  0.000000	 0.000000	 0.000000	 0.000000	 0.000000	 0.000000
90 0 -0.209535	-0.023253	 0.369462 0.0 -0.26 0.0 -0.7 0.0 -0.7 3.14  53.482042	 7.102071	-9.553654 -12.544955	 79.376359	 67.571354	 60.689791	 2.132180 -49.306170	 89.681645	 62.740942	 43.413607	-40.815623  50.418602	 70.633374	-0.782907	-61.747731	 9.186958	 9.784788  0.000000	 0.000000	 0.000000	 0.000000	 0.000000	 0.000000
95 0 -0.157838	-0.023818	 0.463886 0.0 -0.26 0.0 -0.7 0.0 -0.7 3.14  63.805884	-13.975437	-5.106620 -22.324304	 89.224846	 48.083303	 99.656831	-1.039858 -0.688577	 53.768920	-32.051278	 87.113744	 60.489731  50.939948	 89.279857	-51.544122	-56.761650	-2.050085	-2.052731  0.000000	 0.000000	 0.000000	 0.000000	 0.000000	 0.000000
100 0 -0.173642	-0.073704	 0.372671 0.0 -0.26 0.0 -0.7 0.0 -0.7 3.14  21.470245	 23.925601	-39.058682 -42.247230	 88.240969	 48.962774	 35.139620	-12.002228 -93.362196	 44.851822	 62.633257	 32.212292	-47.090291  79.116115	 68.561908	-61.570601	-3.718058	 36.542489	-17.766918  0.000000	 0.000000	 0.000000	 0.000000	 0.000000	 0.000000
105 0  0.112149	-0.014522	 0.435553 0.0 -0.26 0.0 -0.7 0.0 -0.7 3.14 -1.174337	 0.284728	-16.540751 -79.116827	 25.635441	 19.490207	 35.767516	 75.817181 -89.561912	 27.017170	-11.756208	 105.997341	-26.462041  74.635424	 20.909493	 20.478027	-11.993983	-16.008395	 10.580924  0.000000	 0.000000	 0.000000	 0.000000	 0.000000	 0.000000
110 0 -0.209066	-0.071394	 0.060014 0.0 -0.26 0.0 -0.7 0.0 -0.7 3.14  38.258355	 13.193052	-11.280684 -12.562164	 89.374164	 59.066442	 71.386131	-77.124331  9.154670	 49.219016	 33.902953	 60.004059	 44.114974  79.480998	 71.830785	 54.897899	-102.688636	 32.997221	 21.987167  0.000000	 0.000000	 0.000000	 0.000000	 0.000000	 0.000000
115 0 -0.246492	-0.048575	 0.231588 0.0 -0.26 0.0 -0.7 0.0 -0.7 3.14  58.556444	-1.832565	-41.593055 -24.421131	 51.977219	-10.285295	 67.051213	-31.869046 -8.783408	 57.836758	 76.041840	 18.434582	 27.916950  50.500561	 62.339574	 9.335792	-90.913040	 13.664538	 15.045862  0.000000	 0.000000	 0.000000	 0.000000	 0.000000	 0.000000
120 0 -0.270871	-0.041023	 0.301965 0.0 -0.26 0.0 -0.7 0.0 -0.7 3.14  62.115750	 12.207743	-19.192694 -64.121050	 83.654999	 16.326430	 37.387452	 68.330995 -22.324011	 27.645164	 30.293009	 36.058935	 37.027619  75.283290	 67.213975	-40.991940	-47.527798	 34.924314	 4.155436  0.000000	 0.000000	 0.000000	 0.000000	 0.000000	 0.000000
125 0 -0.171309	-0.097440	 0.448648 0.0 -0.26 0.0 -0.7 0.0 -0.7 3.14 -3.878870	-18.858979	-13.349461 -0.018922	 26.907785	 53.271391	 19.942360	-69.918457  4.704446	 54.955949	-35.368995	 73.898578	-75.252911  78.336974	 80.417513	 46.497401	-33.801489	 5.445146	-8.470315  0.000000	 0.000000	 0.000000	 0.000000	 0.000000	 0.000000
130 0  0.051001	-0.104804	 0.480601 0.0 -0.26 0.0 -0.7 0.0 -0.7 3.14 -8.369972	-11.354113	-15.543742 -13.092171	 90.758589	-19.850753	 32.987746	 55.421234 -61.521351	 39.187862	 4.705889	 47.128100	 55.216296  83.472107	 78.072038	-61.464921	-16.944150	-10.881807	-21.274011  0.000000	 0.000000	 0.000000	 0.000000	 0.000000	 0.000000
135 0 -0.321821	-0.044555	 0.285382 0.0 -0.26 0.0 -0.7 0.0 -0.7 3.14 -6.880100	 1.451922	-19.632648 -12.798820	 56.550552	 14.764368	 59.570313	 75.693049 -30.983597	 41.693045	 65.202241	 105.661376	-14.458415  67.667343	 71.241122	-50.254053	-41.620979	 36.534049	-20.707778  0.000000	 0.000000	 0.000000	 0.000000	 0.000000	 0.000000
140 0 -0.144857	-0.118875	 0.367465 0.0 -0.26 0.0 -0.7 0.0 -0.7 3.14  55.106213	 8.450519	-45.419175 -39.178170	 29.353630	 31.198589	 29.661168	 52.905521 -30.102715	 71.287233	-16.783717	 15.870522	 44.372680  41.408710	 34.432443	-38.534898	-14.935702	 32.199041	-17.710790  0.000000	 0.000000	 0.000000	 0.000000	 0.000000	 0.000000
145 0 -0.135610	-0.093901	 0.312096 0.0 -0.26 0.0 -0.7 0.0 -0.7 3.14  45.905868	-2.004399	-31.334595 -78.702551	 71.760908	 52.019156	 28.800604	 30.987105 -50.859708	 97.904922	 45.645534	 50.929844	 72.110166  75.495811	 55.531536	-42.566366	-108.549877	-18.249516	-11.650676  0.000000	 0.000000	 0.000000	 0.000000	 0.000000	 0.000000
150 0 -0.086202	-0.067821	 0.498833 0.0 -0.26 0.0 -0.7 0.0 -0.7 3.14  24.755231	-21.925498	-8.550664 -91.549625	 48.582508	 9.851496	 36.688605	 18.860954 -54.836728	 97.671300	 19.630528	 62.905395	-23.995941  26.896392	 45.114767	-68.845379	-34.262268	 1.287110	-14.930606  0.000000	 0.000000	 0.000000	 0.000000	 0.000000	 0.000000
155 0  0.045700	-0.054330	 0.467768 0.0 -0.26 0.0 -0.7 0.0 -0.7 3.14  17.473848	 14.451663	-21.872519 -68.022807	 90.897029	-8.683412	 71.191111	-2.178474 -95.072327	 43.778983	-9.940073	 48.205780	-59.955628  29.124892	 38.959646	-31.476221	-17.011493	-6.948139	-11.463487  0.000000	 0.000000	 0.000000	 0.000000	 0.000000	 0.000000
160 0 -0.236169	-0.050063	 0.334466 0.0 -0.26 0.0 -0.7 0.0 -0.7 3.14  66.905947	 9.291946	-31.996845 -13.825825	 42.163454	 21.311010	 105.002039	 28.447559 -7.810157	 96.463591	 14.129628	 89.517104	-71.868231  19.168147	 62.083032	 1.006547	-69.414512	 14.687089	 3.167520  0.000000	 0.000000	 0.000000	 0.000000	 0.000000	 0.000000
165 0 -0.043856	-0.130452	 0.471820 0.0 -0.26 0.0 -0.7 0.0 -0.7 3.14  44.723044	-19.493056	-31.391095 -35.937282	 39.812702	 18.009134	 104.633354	-23.629069 -94.760669	 31.523096	 32.247920	 78.451451	-63.366130  11.718737	 35.698164	-23.840186	-19.451039	 9.302630	-14.425348  0.000000	 0.000000	 0.000000	 0.000000	 0.000000	 0.000000
170 0 -0.257549	-0.081865	 0.219046 0.0 -0.26 0.0 -0.7 0.0 -0.7 3.14  8.078952	 5.025702	 2.664583 -11.528797	 48.614346	 65.233605	 86.518276	-37.983043 -79.375830	 54.297482	 67.643616	 16.417267	-6.500343  39.893300	 6.211885	 69.726930	-62.517117	 18.054064	-2.151151  0.000000	 0.000000	 0.000000	 0.000000	 0.000000	 0.000000
175 0 -0.195795	-0.028917	 0.307658 0.0 -0.26 0.0 -0.7 0.0 -0.7 3.14 -3.701427	-19.372252	-36.117728 -46.986955	 44.174770	 6.306516	 42.458186	 50.185696 -18.297907	 69.479056	 62.478616	 22.283165	-41.319744  80.311869	 17.240602	-37.414455	-100.172453	-3.773253	 0.847384  0.000000	 0.000000	 0.000000	 0.000000	 0.000000	 0.000000
180 0 -0.180718	-0.024108	 0.335768 0.0 -0.26 0.0 -0.7 0.0 -0.7 3.14  68.834370	-24.831778	-29.845448  3.001817	 74.406988	 34.031680	 82.170832	-55.619828 -65.997382	 36.903280	-15.411258	 49.624256	 59.206426  36.102597	 65.025015	 75.898023	-64.229466	-15.418637	 12.598147  0.000000	 0.000000	 0.000000	 0.000000	 0.000000	 0.000000
185 0  0.165783	-0.129226	 0.434345 0.0 -0.26 0.0 -0.7 0.0 -0.7 3.14  60.064238	-25.941822	-49.913618 -29.453381	 28.395756	 4.127962	 89.044173	 20.789163 -48.921778	 87.790625	 26.265382	 40.767560	-47.168040  25.551869	 50.805039	-59.352218	-8.948530	-11.267383	-21.697951  0.000000	 0.000000	 0.000000	 0.000000	 0.000000	 0.000000
190 0 -0.024130	-0.064324	 0.346085 0.0 -0.26 0.0 -0.7 0.0 -0.7 3.14  64.496158	 9.919476	-33.800137  4.390804	 91.292292	 26.285863	 35.937018	-53.686271 -55.729591	 71.373241	 58.976378	 70.183175	-5.328841  40.477030	 19.639724	 31.739020	-62.591991	-17.865292	 3.842186  0.000000	 0.000000	 0.000000	 0.000000	 0.000000	 0.000000
195 0 -0.190568	-0.045445	 0.355435 0.0 -0.26 0.0 -0.7 0.0 -0.7 3.14  3.461515	 13.918188	-8.683431 -60.531497	 68.292072	 16.945783	 54.376604	 56.762672 -23.350679	 83.470189	 68.589261	 29.488125	-42.884333  15.630930	 10.706466	-4.032211	-75.573042	-5.368606	-1.881418  0.000000	 0.000000	 0.000000	 0.000000	 0.000000	 0.000000
200 0 -0.279415	-0.047638	 0.208461 0.0 -0.26 0.0 -0.7 0.0 -0.7 3.14 -8.253373	-26.513221	-24.169614 -40.368639	 69.541591	 36.963865	 62.196151	 83.841532 -11.759378	 55.563881	 2.408205	 34.029261	-21.197264  13.674596	 27.853484	 18.182811	-91.884485	 5.464564	 7.431001  0.000000	 0.000000	 0.000000	 0.000000	 0.000000	 0.000000
205 0 -0.363432	-0.028519	 0.152588 0.0 -0.26 0.0 -0.7 0.0 -0.7 3.14  46.151366	-10.362811	-31.718450 -28.863036	 67.397741	 20.078514	 94.325031	 59.046742 -78.073265	 51.112005	 63.084872	 43.401363	 63.252006 -26.616853	 60.041413	 50.323762	-78.035388	 35.470398	 10.499535  0.000000	 0.000000	 0.000000	 0.000000	 0.000000	 0.000000
210 0 -0.225514	-0.051501	 0.070565 0.0 -0.26 0.0 -0.7 0.0 -0.7 3.14 -17.087696	 2.453941	 0.825047 -21.001087	 66.524555	-18.688129	 53.247853	 75.053667 -84.973177	 85.155706	-17.492269	 68.474409	-17.888207 -7.869446	 14.395728	-6.578751	-115.218296	 7.851270	-8.091975  0.000000	 0.000000	 0.000000	 0.000000	 0.000000	 0.000000
215 0 -0.219965	-0.110720	 0.308918 0.0 -0.26 0.0 -0.7 0.0 -0.7 3.14  20.732758	-9.375133	-15.571562 -81.614795	 27.107941	 44.196769	 21.532849	 73.297352 -51.669183	 73.019123	-33.911376	 67.049243	 67.291381  44.572029	 3.882926	 77.711583	-25.420041	 17.215695	-4.452992  0.000000	 0.000000	 0.000000	 0.000000	 0.000000	 0.000000
220 0 -0.295138	-0.056436	 0.193631 0.0 -0.26 0.0 -0.7 0.0 -0.7 3.14  30.585554	-16.415942	-22.217569 -31.417542	 45.539491	 45.078734	 94.951585	 44.509403 -5.087312	 61.831994	-22.419850	 34.606762	 18.725319  10.559063	 29.582896	 42.314313	-81.080556	 22.502943	 19.712366  0.000000	 0.000000	 0.000000	 0.000000	 0.000000	 0.000000
225 0 -0.318791	-0.071002	 0.247998 0.0 -0.26 0.0 -0.7 0.0 -0.7 3.14  54.094463	-15.313589	-12.496085 -55.900346	 87.635522	 63.530086	 38.983562	 14.583580  3.914893	 60.681611	 53.816922	 60.513523	-14.524417  45.303215	 70.524466	 43.995586	-54.067389	 28.673576	 7.929958  0.000000	 0.000000	 0.000000	 0.000000	 0.000000	 0.000000
230 0 -0.241363	-0.002509	 0.265314 0.0 -0.26 0.0 -0.7 0.0 -0.7 3.14  58.626059	 8.409554	-36.322217 -25.872597	 68.330581	 43.287302	 59.130564	-71.069807 -58.868494	 78.094014	 74.790553	 92.284659	 14.444552  80.425506	 44.839627	 59.512322	-23.379046	 28.164106	 15.447292  0.000000	 0.000000	 0.000000	 0.000000	 0.000000	 0.000000
235 0 -0.177079	-0.102304	 0.268788 0.0 -0.26 0.0 -0.7 0.0 -0.7 3.14  30.417387	 22.963925	-42.538652  5.008697	 29.980919	 15.174751	 64.454731	-58.025884 -59.468913	 69.968033	 50.426264	 70.271527	 81.138545  20.253687	 57.164742	 54.842300	-90.065042	-8.364730	-12.756657  0.000000	 0.000000	 0.000000	 0.000000	 0.000000	 0.000000
240 0 -0.111445	-0.115152	 0.433836 0.0 -0.26 0.0 -0.7 0.0 -0.7 3.14  14.726518	-1.073378	-0.598371 -93.412515	 51.818598	-22.624323	 63.651016	-46.416279 -84.479581	 55.822186	 26.552126	 44.632481	-89.044784  8.430247	 29.913893	-46.013448	-62.637673	-13.729105	-20.026359  0.000000	 0.000000	 0.000000	 0.000000	 0.000000	 0.000000
245 0 -0.210405	-0.133129	 0.273273 0.0 -0.26 0.0 -0.7 0.0 -0.7 3.14  49.787411	 5.063125	-8.242402 -88.953160	 79.527649	-15.627549	 76.313823	-70.197924 -13.720390	 46.604894	 3.308136	 53.868967	 26.737743  29.339252	 50.766749	 71.800119	-62.628161	 3.728819	-11.317322  0.000000	 0.000000	 0.000000	 0.000000	 0.000000	 0.000000
250 0  0.139986	-0.150662	 0.391371 0.0 -0.26 0.0 -0.7 0.0 -0.7 3.14  54.252891	 19.499554	-10.893548 -61.479768	 95.428061	 30.001954	 75.574795	 0.471116  1.580392	 66.818151	 50.120240	 24.360607	-74.016388  33.087097	 56.681203	-17.694537	-15.571226	-16.641564	-20.113219  0.000000	 0.000000	 0.000000	 0.000000	 0.000000	 0.000000
255 0 -0.309529	-0.019696	 0.221642 0.0 -0.26 0.0 -0.7 0.0 -0.7 3.14  35.429738	 10.993821	-32.398096 -44.900850	 99.350601	 28.037083	 39.184133	-68.002509 -10.588192	 99.716610	 58.611483	 62.980578	 67.142706 -7.231392	 8.787572	-65.801978	-79.714728	 24.953535	-21.874087  0.000000	 0.000000	 0.000000	 0.000000	 0.000000	 0.000000
260 0 -0.150168	-0.026261	 0.439302 0.0 -0.26 0.0 -0.7 0.0 -0.7 3.14  29.473286	-17.188234	-42.943674 -2.209401	 82.068100	 69.724838	 82.004121	 32.441961 -91.297843	 97.779845	 20.772647	 81.897670	 47.816542  6.222627	 50.388801	 38.540390	-59.776780	-11.052093	 4.938282  0.000000	 0.000000	 0.000000	 0.000000	 0.000000	 0.000000
265 0 -0.130927	-0.140517	 0.248791 0.0 -0.26 0.0 -0.7 0.0 -0.7 3.14  48.122967	 23.302875	-11.823804  1.681805	 84.556524	 5.010548	 61.814253	-88.525908 -93.088919	 63.949810	 34.999284	 30.504065	 33.249573  71.065903	 31.351761	 18.474945	-73.967086	 1.939127	-19.459062  0.000000	 0.000000	 0.000000	 0.000000	 0.000000	 0.000000
270 0 -0.209819	-0.112406	 0.408283 0.0 -0.26 0.0 -0.7 0.0 -0.7 3.14  31.926761	-9.493835	-10.111988 -80.469167	 99.513574	 19.337363	 47.140622	 80.471086 -29.068098	 55.657779	 10.865150	 21.162808	 65.149199  20.827065	 42.647272	 15.452423	-35.957677	 17.401044	-8.119756  0.000000	 0.000000	 0.000000	 0.000000	 0.000000	 0.000000
275 0 -0.290775	-0.096196	 0.293743 0.0 -0.26 0.0 -0.7 0.0 -0.7 3.14  29.021458	-17.297509	-12.812684 -81.413421	 39.570179	 68.118191	 33.442831	 40.673631 -77.795463	 98.822092	 13.517540	 23.412024	 42.049162  37.145754	 37.181492	 55.202373	-45.074446	 22.602243	 3.139824  0.000000	 0.000000	 0.000000	 0.000000	 0.000000	 0.000000
280 0 -0.056855	-0.094383	 0.397671 0.0 -0.26 0.0 -0.7 0.0 -0.7 3.14  66.541581	 7.203190	-45.834421 -78.904552	 28.303486	 68.078711	 78.156220	 41.451160 -84.722396	 94.380097	-19.237554	 15.054915	 51.998446 -8.586784	 4.103632	 54.458642	-46.773922	-11.855892	 3.722863  0.000000	 0.000000	 0.000000	 0.000000	 0.000000	 0.000000
285 0 -0.115117	-0.095272	 0.381587 0.0 -0.26 0.0 -0.7 0.0 -0.7 3.14  6.823964	 8.014480	-0.922918  0.410953	 83.890766	 44.582801	 73.666439	-14.115279 -75.648607	 41.763136	-36.880757	 37.079309	-67.036623  37.591685	 40.519954	 37.990321	-72.800065	-18.586286	-6.701514  0.000000	 0.000000	 0.000000	 0.000000	 0.000000	 0.000000
290 0 -0.185322	-0.033155	 0.197470 0.0 -0.26 0.0 -0.7 0.0 -0.7 3.14 -21.686256	 23.155961	-20.680899 -19.097442	 83.065208	 18.970521	 65.126352	-51.345520  0.539243	 72.291521	 38.054483	 80.905653	-14.427728  75.045462	 13.780612	 2.611829	-119.816870	-9.320387	-3.257652  0.000000	 0.000000	 0.000000	 0.000000	 0.000000	 0.000000
295 0 -0.216431	-0.066035	 0.279888 0.0 -0.26 0.0 -0.7 0.0 -0.7 3.14  49.211934	 4.232555	-1.256433 -56.478975	 76.500176	 16.836598	 84.281306	-53.112286 -37.177995	 52.310248	 46.523397	 20.407455	-42.031183  49.007668	 22.653966	 62.604001	-34.293421	 23.541120	 6.821840  0.000000	 0.000000	 0.000000	 0.000000	 0.000000	 0.000000
300 0 -0.366372	-0.056176	 0.260072 0.0 -0.26 0.0 -0.7 0.0 -0.7 3.14  66.670692	-10.568081	-10.618035 -38.784621	 61.025962	 0.196144	 81.834847	-24.278987 -74.544768	 69.978758	-27.743085	 39.911391	-48.550473  62.744747	 87.202025	-64.801322	-64.124049	 34.293615	-12.943176  0.000000	 0.000000	 0.000000	 0.000000	 0.000000	 0.000000
305 0 -0.197212	-0.046138	 0.286437 0.0 -0.26 0.0 -0.7 0.0 -0.7 3.14  36.814082	 13.796503	-31.439521 -63.039837	 49.664733	 34.576892	 67.365587	 32.514037 -55.474694	 67.834870	-12.775668	 37.884142	 36.554655  64.105903	 8.576775	 16.893775	-53.138866	 26.594112	 4.989156  0.000000	 0.000000	 0.000000	 0.000000	 0.000000	 0.000000
310 0 -0.044176	-0.159741	 0.348642 0.0 -0.26 0.0 -0.7 0.0 -0.7 3.14  40.313826	 17.950226	-30.768046 -9.714561	 81.843298	 41.471636	 91.950712	-16.762762 -10.301827	 62.061372	 51.630383	 32.340659	 84.619926  82.740979	 47.575105	 3.210603	-48.388508	-12.184784	-16.414947  0.000000	 0.000000	 0.000000	 0.000000	 0.000000	 0.000000
315 0 -0.247774	-0.078815	 0.329317 0.0 -0.26 0.0 -0.7 0.0 -0.7 3.14 -17.467586	 8.010570	-1.091532  7.734987	 98.216553	 30.319236	 32.206155	 62.002545 -76.354410	 43.529411	 55.694636	 75.856137	-31.502088  85.366796	 33.937645	 63.269910	-40.385186	 20.998462	-1.670238  0.000000	 0.000000	 0.000000	 0.000000	 0.000000	 0.000000
320 0 -0.016318	-0.079711	 0.492388 0.0 -0.26 0.0 -0.7 0.0 -0.7 3.14  57.432715	-4.126959	-0.052031 -66.235301	 74.486061	 54.122809	 64.901206	-2.492391 -44.533858	 70.024875	 3.206792	 52.363836	 72.740470 -12.613349	 60.407991	 39.746148	-34.682365	-10.768400	-0.893618  0.000000	 0.000000	 0.000000	 0.000000	 0.000000	 0.000000
325 0 -0.012129	-0.053898	 0.374412 0.0 -0.26 0.0 -0.7 0.0 -0.7 3.14  69.191918	-4.027280	-32.380672 -0.829378	 54.631717	 79.495746	 88.831944	-75.070869 -59.283357	 81.235879	 37.871147	 32.266816	 77.085981  75.468348	 21.560554	-24.230410	-40.803280	-6.402563	 6.666838  0.000000	 0.000000	 0.000000	 0.000000	 0.000000	 0.000000
330 0 -0.259304	-0.105359	 0.163304 0.0 -0.26 0.0 -0.7 0.0 -0.7 3.14  26.540539	-7.905003	-6.375677 -51.021026	 30.132978	-27.244217	 17.784227	 23.703714 -14.569854	 80.190922	-12.929410	 89.751446	-75.994055  20.181661	 71.957086	 74.785118	-100.355586	 1.224123	-18.056850  0.000000	 0.000000	 0.000000	 0.000000	 0.000000	 0.000000
335 0 -0.176433	-0.057125	 0.266962 0.0 -0.26 0.0 -0.7 0.0 -0.7 3.14  26.859987	 8.294782	-33.321051  9.891661	 47.204997	-2.211873	 42.390577	 29.196028 -71.661741	 94.752953	-24.299004	 45.737515	 56.586694  55.114955	 75.462240	-1.772037	-113.951780	-19.516444	-8.353481  0.000000	 0.000000	 0.000000	 0.000000	 0.000000	 0.000000
340 0 -0.217390	-0.033467	 0.410828 0.0 -0.26 0.0 -0.7 0.0 -0.7 3.14  20.655098	-4.253390	-25.061682 -31.208870	 53.591683	 64.303628	 44.203974	 45.357909  9.396331	 80.089768	 27.571836	 64.256792	 51.153599  32.582956	 34.375133	-39.222691	-14.948093	 35.473157	-5.139923  0.000000	 0.000000	 0.000000	 0.000000	 0.000000	 0.000000
345 0 -0.016552	-0.045339	 0.519447 0.0 -0.26 0.0 -0.7 0.0 -0.7 3.14  15.388273	-22.689804	-41.251823 -62.666786	 92.077669	-27.492941	 86.365959	 16.980713 -39.344992	 40.617484	 10.952871	 18.762550	 0.632056 -24.818181	 38.792731	 11.048987	-6.904026	-1.561850	-1.748828  0.000000	 0.000000	 0.000000	 0.000000	 0.000000	 0.000000
350 0 -0.145258	-0.058234	 0.395200 0.0 -0.26 0.0 -0.7 0.0 -0.7 3.14  15.443120	 1.105661	-5.801582 -90.800358	 74.505291	-29.537396	 75.904572	-45.203575 -51.340480	 84.553383	 57.703476	 65.516257	 0.780942  25.154302	 21.451707	 72.012012	-53.836964	-10.755081	 2.497159  0.000000	 0.000000	 0.000000	 0.000000	 0.000000	 0.000000
355 0 -0.195645	-0.028529	 0.275762 0.0 -0.26 0.0 -0.7 0.0 -0.7 3.14  54.225654	 11.381207	-21.833917 -52.214074	 41.379424	 28.700791	 37.782006	 66.666966 -92.584062	 59.265833	-7.736981	 17.826029	 86.664124  67.365060	 16.058735	-33.740258	-68.728900	 26.903053	 2.991054  0.000000	 0.000000	 0.000000	 0.000000	 0.000000	 0.000000
360 0 -0.277540	-0.016137	 0.154928 0.0 -0.26 0.0 -0.7 0.0 -0.7 3.14 -12.042895	 18.923485	-41.917391 -72.316281	 39.028074	 26.239698	 55.219315	 45.538887 -39.936666	 42.853773	 55.385927	 72.033379	-22.094850 -19.366005	 39.723099	-63.582677	-84.621019	 19.338333	-5.386403  0.000000	 0.000000	 0.000000	 0.000000	 0.000000	 0.000000
365 0 -0.231831	-0.042232	 0.203121 0.0 -0.26 0.0 -0.7 0.0 -0.7 3.14  22.751241	 9.208695	 5.527538 -38.814897	 42.791332	 41.962100	 60.854904	 1.402930 -38.668935	 66.949811	-16.296663	 59.771429	-44.877569  80.565786	 7.850804	 57.838056	-55.384308	 31.916873	 16.748876  0.000000	 0.000000	 0.000000	 0.000000	 0.000000	 0.000000
370 0 -0.265907	-0.014303	 0.063086 0.0 -0.26 0.0 -0.7 0.0 -0.7 3.14 -15.934056	 23.801319	-27.372638 -24.765421	 91.815715	 27.093212	 37.257590	-62.403799 -72.076725	 60.322975	 60.113243	 72.114229	 3.172018 -11.843651	 38.330759	-76.657092	-93.676282	 30.518667	-16.453019  0.000000	 0.000000	 0.000000	 0.000000	 0.000000	 0.000000
375 0 -0.257343	-0.074273	 0.364590 0.0 -0.26 0.0 -0.7 0.0 -0.7 3.14 -3.961182	-0.973442	-27.021989  8.448205	 34.773953	 7.088801	 62.957083	-42.835794 -44.657698	 47.250932	 40.899678	 104.028827	 4.379589  37.347813	 63.199464	-41.103023	-41.114814	 19.408302	-19.283392  0.000000	 0.000000	 0.000000	 0.000000	 0.000000	 0.000000
380 0 -0.045865	-0.104349	 0.444429 0.0 -0.26 0.0 -0.7 0.0 -0.7 3.14 -19.706109	 12.700716	-25.883536 -17.707225	 74.257930	-19.272332	 103.405506	-5.288887 -80.284755	 83.403129	 38.553209	 46.802769	-19.130240  56.366974	 36.286644	-36.205497	-52.528791	-18.950562	-18.363849  0.000000	 0.000000	 0.000000	 0.000000	 0.000000	 0.000000
385 0  0.077238	-0.010568	 0.468789 0.0 -0.26 0.0 -0.7 0.0 -0.7 3.14  9.393805	-7.987888	-19.949586 -1.328189	 90.769897	 14.683699	 42.764832	-42.955232 -4.047331	 89.113697	 46.214136	 86.714959	-17.284363  77.432314	 50.110597	-73.546772	-21.738157	-12.443493	-7.636876  0.000000	 0.000000	 0.000000	 0.000000	 0.000000	 0.000000
390 0 -0.327700	-0.023904	 0.220342 0.0 -0.26 0.0 -0.7 0.0 -0.7 3.14 -14.988108	-2.191340	-42.845741 -28.718434	 81.094798	 67.175780	 84.258009	 59.535993 -23.185480	 84.767626	 24.365088	 27.185191	-81.214227  82.557748	 59.430405	 15.734734	-73.002956	 28.395097	 4.107066  0.000000	 0.000000	 0.000000	 0.000000	 0.000000	 0.000000
395 0  0.080936	-0.014808	 0.502273 0.0 -0.26 0.0 -0.7 0.0 -0.7 3.14  30.557034	-14.199682	-20.257940 -40.964585	 53.955404	 35.158396	 94.892083	 35.111287 -21.236632	 72.461868	-11.534098	 73.418022	 7.339321  21.030629	 72.107079	-58.855109	-25.994276	-19.023056	-8.997515  0.000000	 0.000000	 0.000000	 0.000000	 0.000000	 0.000000
400 0 -0.243313	-0.012479	-0.013601 0.0 -0.26 0.0 -0.7 0.0 -0.7 3.14 -11.875945	 9.052420	 2.686337 -0.803958	 46.524907	-33.102417	 75.334901	-1.308793 -94.365796	 91.156340	 6.827759	 44.951283	 73.042592  42.190423	 37.094028	-42.783374	-117.984759	 36.511098	 17.121450  0.000000	 0.000000	 0.000000	 0.000000	 0.000000	 0.000000
405 0 -0.247072	-0.064781	 0.246243 0.0 -0.26 0.0 -0.7 0.0 -0.7 3.14  42.658266	-8.888556	-33.890751  1.395094	 61.896751	 11.726622	 22.819201	 12.467503 -21.068687	 57.534412	 38.785605	 56.768046	-84.481177  11.371072	 49.375583	 70.445398	-80.905710	 4.613315	 4.026530  0.000000	 0.000000	 0.000000	 0.000000	 0.000000	 0.000000
410 0 -0.231173	-0.074188	 0.177381 0.0 -0.26 0.0 -0.7 0.0 -0.7 3.14  40.110931	-1.793479	-37.479432 -91.146270	 79.808515	-7.151627	 47.822127	-54.981189 -29.924980	 49.785515	 41.669739	 17.838724	 24.076356  33.637041	 1.637069	 4.253239	-106.568939	 18.967047	-5.262560  0.000000	 0.000000	 0.000000	 0.000000	 0.000000	 0.000000
415 0 -0.239510	-0.071243	 0.318369 0.0 -0.26 0.0 -0.7 0.0 -0.7 3.14 -8.407114	 9.021457	-30.492124 -49.018730	 48.745365	 40.279837	 19.374422	 5.852628 -13.690901	 88.569091	 28.873106	 102.834515	-40.831166  39.396072	 55.821810	-29.721522	-70.514824	 5.381267	-21.496159  0.000000	 0.000000	 0.000000	 0.000000	 0.000000	 0.000000
420 0 -0.228554	-0.091422	 0.384873 0.0 -0.26 0.0 -0.7 0.0 -0.7 3.14  10.750343	-8.232518	 8.608941 -40.637886	 47.937989	 62.695830	 26.586029	 49.809417  7.024662	 70.909332	-27.544127	 72.540135	-2.069784 -25.511869	 34.989816	 70.730996	-47.949710	 0.885420	-12.005231  0.000000	 0.000000	 0.000000	 0.000000	 0.000000	 0.000000
425 0 -0.163215	-0.095873	 0.388713 0.0 -0.26 0.0 -0.7 0.0 -0.7 3.14  47.412215	 14.732175	-21.081193 -93.773404	 58.113001	 53.332615	 56.823962	 39.448056 -52.653771	 41.450690	-35.281495	 81.575658	-74.508238  68.938680	 76.757688	-65.392145	-61.030122	 5.509902	-17.574254  0.000000	 0.000000	 0.000000	 0.000000	 0.000000	 0.000000
430 0 -0.244469	-0.081758	 0.256545 0.0 -0.26 0.0 -0.7 0.0 -0.7 3.14  44.330278	 0.987298	-31.514506 -22.784004	 72.045635	 50.484503	 85.573904	 88.464878 -44.992730	 66.849608	-6.325447	 16.807554	 0.458813  28.753381	 1.207474	 13.938869	-66.884225	 28.676935	-0.843675  0.000000	 0.000000	 0.000000	 0.000000	 0.000000	 0.000000
435 0 -0.244342	-0.007220	 0.386772 0.0 -0.26 0.0 -0.7 0.0 -0.7 3.14  58.549559	 10.613840	-18.810468 -62.740880	 73.584290	 48.556151	 91.042331	 18.576847 -67.885291	 47.847845	 50.338358	 22.863571	-19.469234 -11.826044	 29.352061	-24.340339	-35.272263	 31.221947	-2.447779  0.000000	 0.000000	 0.000000	 0.000000	 0.000000	 0.000000
440 0 -0.087558	-0.079554	 0.411970 0.0 -0.26 0.0 -0.7 0.0 -0.7 3.14  46.163012	 2.980382	-1.459502  3.111861	 91.560544	 40.769173	 40.860988	-69.548657 -18.399023	 50.990599	 76.848793	 82.202715	 19.015325 -15.289180	 13.705285	 47.868183	-54.091817	-14.751702	 0.107612  0.000000	 0.000000	 0.000000	 0.000000	 0.000000	 0.000000
445 0 -0.114771	-0.031354	 0.362368 0.0 -0.26 0.0 -0.7 0.0 -0.7 3.14  37.741922	 18.889829	-4.549968 -80.131503	 93.520559	-2.668839	 60.903598	 34.317800 -75.415666	 59.847757	-14.582813	 63.474488	-65.983763  31.781391	 19.302855	-8.532534	-87.957670	-13.660455	-1.385660  0.000000	 0.000000	 0.000000	 0.000000	 0.000000	 0.000000
450 0 -0.173253	-0.106675	 0.355616 0.0 -0.26 0.0 -0.7 0.0 -0.7 3.14  24.898433	 10.454849	 9.313028 -14.219506	 74.518756	-20.128793	 55.958403	 37.391862 -17.236237	 43.734748	-3.143184	 104.093321	-37.474133  67.557086	 30.379071	 75.120433	-3.970551	 21.245429	-6.725674  0.000000	 0.000000	 0.000000	 0.000000	 0.000000	 0.000000
455 0 -0.190183	-0.165224	 0.264664 0.0 -0.26 0.0 -0.7 0.0 -0.7 3.14  15.418514	-7.569195	 4.861573  5.022619	 58.021259	 12.984042	 46.021429	-89.532349 -18.909280	 68.957791	 73.686132	 55.988272	-17.079843  73.106842	 4.941482	 33.437096	-44.280552	 16.658775	-18.733961  0.000000	 0.000000	 0.000000	 0.000000	 0.000000	 0.000000
460 0 -0.246250	-0.103915	 0.298309 0.0 -0.26 0.0 -0.7 0.0 -0.7 3.14  48.386254	 19.052295	 1.364184 -44.196087	 81.153275	 76.305013	 52.637312	 55.144817 -14.721216	 92.885948	 16.635156	 17.490694	-88.279846 -13.046345	 21.088556	 54.489755	-64.098191	 11.357636	-6.393016  0.000000	 0.000000	 0.000000	 0.000000	 0.000000	 0.000000
465 0 -0.277329	-0.083190	 0.405929 0.0 -0.26 0.0 -0.7 0.0 -0.7 3.14  7.418675	-16.163935	-35.558160 -40.548109	 26.976506	 51.920421	 76.360443	 55.503559 -2.489486	 49.884963	 9.328754	 41.119017	-36.679440 -12.213165	 53.850974	-57.641401	-14.000492	 32.994525	-16.069072  0.000000	 0.000000	 0.000000	 0.000000	 0.000000	 0.000000
470 0  0.020548	-0.206532	 0.417529 0.0 -0.26 0.0 -0.7 0.0 -0.7 3.14  57.331518	-0.648765	-41.987852 -62.056256	 51.489513	 13.764602	 78.285641	 53.892575  4.073178	 44.198476	-26.023993	 79.048092	 80.786750  8.716615	 70.540323	 41.053639	-33.766715	-15.822591	-19.254945  0.000000	 0.000000	 0.000000	 0.000000	 0.000000	 0.000000
475 0 -0.264871	-0.135851	 0.185585 0.0 -0.26 0.0 -0.7 0.0 -0.7 3.14  16.685892	-17.856416	-36.836878 -58.686411	 46.099283	-13.716223	 101.264396	 35.946297 -62.326453	 48.041116	 0.556443	 73.960446	-14.983484  59.172086	 53.755783	 39.787239	-88.465979	 8.575861	-18.875515  0.000000	 0.000000	 0.000000	 0.000000	 0.000000	 0.000000
480 0 -0.159593	-0.058321	 0.344917 0.0 -0.26 0.0 -0.7 0.0 -0.7 3.14  54.354407	-11.700249	-39.934158 -11.354585	 95.897561	 40.009138	 83.679155	-63.959875 -44.833722	 65.146466	 36.171094	 75.634159	-2.946692 -15.147130	 15.614790	 26.182121	-91.056412	-16.364113	 6.368121  0.000000	 0.000000	 0.000000	 0.000000	 0.000000	 0.000000
485 0 -0.104765	-0.164571	 0.361599 0.0 -0.26 0.0 -0.7 0.0 -0.7 3.14  51.536453	-13.806240	-47.496050 -83.487024	 27.080985	 42.637250	 86.475097	-79.371804  3.867553	 53.677701	-28.565604	 39.682964	 88.757508  85.401243	 62.144738	 34.460899	-45.572260	-15.527709	-11.738832  0.000000	 0.000000	 0.000000	 0.000000	 0.000000	 0.000000
490 0 -0.152285	-0.056482	 0.357030 0.0 -0.26 0.0 -0.7 0.0 -0.7 3.14  63.941209	-14.305321	-19.434816 -71.737391	 35.988242	 2.401656	 16.399610	-7.667417 -28.464918	 99.445379	 52.848546	 16.508588	-24.596606  57.124290	 20.462487	-12.398050	-25.009985	 29.509167	 9.265603  0.000000	 0.000000	 0.000000	 0.000000	 0.000000	 0.000000
495 0 -0.256733	-0.070421	 0.143150 0.0 -0.26 0.0 -0.7 0.0 -0.7 3.14  47.503100	-3.128953	 11.555511 -71.815215	 61.756725	 55.267099	 50.654057	-4.448532 -35.033896	 57.623083	 68.721852	 69.601093	 58.501902  0.314558	 10.408686	 6.560395	-113.288490	 21.865320	 7.881417  0.000000	 0.000000	 0.000000	 0.000000	 0.000000	 0.000000
