    1 0.00000   -0.08644    0.00004    0.00001
    2 0.01000   -0.09189    0.00006    0.00001
    3 0.02000   -0.09482    0.00007    0.00001
    4 0.03000   -0.09606    0.00007    0.00002
    5 0.04000   -0.09655    0.00008    0.00002
    6 0.05000   -0.09675    0.00008    0.00002
    7 0.06000   -0.09683    0.00008    0.00002
    8 0.07000   -0.09686    0.00008    0.00002
    9 0.08000   -0.09687    0.00008    0.00002
   10 0.09000   -0.09688    0.00008    0.00002
   11 0.10000   -0.09688    0.00008    0.00002
   12 0.11000   -0.09688    0.00008    0.00002
   13 0.12000   -0.09688    0.00008    0.00002
   14 0.13000   -0.09688    0.00008    0.00002
   15 0.14000   -0.09688    0.00008    0.00002
   16 0.15000   -0.09688    0.00008    0.00002
   17 0.16000   -0.09688    0.00008    0.00002
   18 0.17000   -0.09688    0.00008    0.00002
   19 0.18000   -0.09688    0.00008    0.00002
   20 0.19000   -0.09688    0.00008    0.00002
   21 0.20000   -0.09688    0.00008    0.00002
   22 0.21000   -0.09688    0.00008    0.00002
   23 0.22000   -0.09688    0.00008    0.00002
   24 0.23000   -0.09688    0.00008    0.00002
   25 0.24000   -0.09688    0.00008    0.00002
   26 0.25000   -0.09688    0.00008    0.00002
   27 0.26000   -0.09688    0.00008    0.00002
   28 0.27000   -0.09688    0.00008    0.00002
   29 0.28000   -0.09688    0.00008    0.00002
   30 0.29000   -0.09688    0.00008    0.00002
   31 0.30000   -0.09688    0.00008    0.00002
   32 0.31000   -0.09688    0.00008    0.00002
   33 0.32000   -0.09688    0.00008    0.00002
   34 0.33000   -0.09688    0.00008    0.00002
   35 0.34000   -0.09688    0.00008    0.00002
   36 0.35000   -0.09688    0.00008    0.00002
   37 0.36000   -0.09688    0.00008    0.00002
   38 0.37000   -0.09688    0.00008    0.00002
   39 0.38000   -0.09688    0.00008    0.00002
   40 0.39000   -0.09688    0.00008    0.00002
   41 0.40000   -0.09688    0.00008    0.00002
   42 0.41000   -0.09688    0.00008    0.00002
   43 0.42000   -0.09688    0.00008    0.00002
   44 0.43000   -0.09688    0.00008    0.00002
   45 0.44000   -0.09688    0.00008    0.00002
   46 0.45000   -0.09688    0.00008    0.00002
   47 0.46000   -0.09688    0.00008    0.00002
   48 0.47000   -0.09688    0.00008    0.00002
   49 0.48000   -0.09688    0.00008    0.00002
   50 0.49000   -0.09688    0.00008    0.00002
   51 0.50000   -0.09688    0.00008    0.00002
   52 0.51000   -0.09688    0.00008    0.00002
   53 0.52000   -0.09688    0.00008    0.00002
   54 0.53000   -0.09688    0.00008    0.00002
   55 0.54000   -0.09688    0.00008    0.00002
   56 0.55000   -0.09688    0.00008    0.00002
   57 0.56000   -0.09688    0.00008    0.00002
   58 0.57000   -0.09688    0.00008    0.00002
   59 0.58000   -0.09688    0.00008    0.00002
   60 0.59000   -0.09688    0.00008    0.00002
   61 0.60000   -0.09688    0.00008    0.00002
   62 0.61000   -0.09688    0.00008    0.00002
   63 0.62000   -0.09688    0.00008    0.00002
   64 0.63000   -0.09688    0.00008    0.00002
   65 0.64000   -0.09688    0.00008    0.00002
   66 0.65000   -0.09688    0.00008    0.00002
   67 0.66000   -0.09688    0.00008    0.00002
   68 0.67000   -0.09688    0.00008    0.00002
   69 0.68000   -0.09688    0.00008    0.00002
   70 0.69000   -0.09688    0.00008    0.00002
   71 0.70000   -0.09688    0.00008    0.00002
   72 0.71000   -0.09688    0.00008    0.00002
   73 0.72000   -0.09688    0.00008    0.00002
   74 0.73000   -0.09688    0.00008    0.00002
   75 0.74000   -0.09688    0.00008    0.00002
   76 0.75000   -0.09688    0.00008    0.00002
   77 0.76000   -0.09688    0.00008    0.00002
   78 0.77000   -0.09688    0.00008    0.00002
   79 0.78000   -0.09688    0.00008    0.00002
   80 0.79000   -0.09688    0.00008    0.00002
   81 0.80000   -0.09688    0.00008    0.00002
   82 0.81000   -0.09688    0.00008    0.00002
   83 0.82000   -0.09688    0.00008    0.00002
   84 0.83000   -0.09688    0.00008    0.00002
   85 0.84000   -0.09688    0.00008    0.00002
   86 0.85000   -0.09688    0.00008    0.00002
   87 0.86000   -0.09688    0.00008    0.00002
   88 0.87000   -0.09688    0.00008    0.00002
   89 0.88000   -0.09688    0.00008    0.00002
   90 0.89000   -0.09688    0.00008    0.00002
   91 0.90000   -0.09688    0.00008    0.00002
   92 0.91000   -0.09688    0.00008    0.00002
   93 0.92000   -0.09688    0.00008    0.00002
   94 0.93000   -0.09688    0.00008    0.00002
   95 0.94000   -0.09688    0.00008    0.00002
   96 0.95000   -0.09688    0.00008    0.00002
   97 0.96000   -0.09688    0.00008    0.00002
   98 0.97000   -0.09688    0.00008    0.00002
   99 0.98000   -0.09688    0.00008    0.00002
  100 0.99000   -0.09688    0.00008    0.00002
  101 1.00000   -0.09688    0.00008    0.00002
  102 1.01000   -0.09688    0.00008    0.00002
  103 1.02000   -0.09688    0.00008    0.00002
  104 1.03000   -0.09688    0.00008    0.00002
  105 1.04000   -0.09688    0.00008    0.00002
  106 1.05000   -0.09688    0.00008    0.00002
  107 1.06000   -0.09688    0.00008    0.00002
  108 1.07000   -0.09688    0.00008    0.00002
  109 1.08000   -0.09688    0.00008    0.00002
  110 1.09000   -0.09688    0.00008    0.00002
  111 1.10000   -0.09688    0.00008    0.00002
  112 1.11000   -0.09688    0.00008    0.00002
  113 1.12000   -0.09688    0.00008    0.00002
  114 1.13000   -0.09688    0.00008    0.00002
  115 1.14000   -0.09688    0.00008    0.00002
  116 1.15000   -0.09688    0.00008    0.00002
  117 1.16000   -0.09688    0.00008    0.00002
  118 1.17000   -0.09688    0.00008    0.00002
  119 1.18000   -0.09688    0.00008    0.00002
  120 1.19000   -0.09688    0.00008    0.00002
  121 1.20000   -0.09688    0.00008    0.00002
  122 1.21000   -0.09688    0.00008    0.00002
  123 1.22000   -0.09688    0.00008    0.00002
  124 1.23000   -0.09688    0.00008    0.00002
  125 1.24000   -0.09688    0.00008    0.00002
  126 1.25000   -0.09688    0.00008    0.00002
  127 1.26000   -0.09688    0.00008    0.00002
  128 1.27000   -0.09688    0.00008    0.00002
  129 1.28000   -0.09688    0.00008    0.00002
  130 1.29000   -0.09688    0.00008    0.00002
  131 1.30000   -0.09688    0.00008    0.00002
  132 1.31000   -0.09688    0.00008    0.00002
  133 1.32000   -0.09688    0.00008    0.00002
  134 1.33000   -0.09688    0.00008    0.00002
  135 1.34000   -0.09688    0.00008    0.00002
  136 1.35000   -0.09688    0.00008    0.00002
  137 1.36000   -0.09688    0.00008    0.00002
  138 1.37000   -0.09688    0.00008    0.00002
  139 1.38000   -0.09688    0.00008    0.00002
  140 1.39000   -0.09688    0.00008    0.00002
  141 1.40000   -0.09688    0.00008    0.00002
  142 1.41000   -0.09688    0.00008    0.00002
  143 1.42000   -0.09688    0.00008    0.00002
  144 1.43000   -0.09688    0.00008    0.00002
  145 1.44000   -0.09688    0.00008    0.00002
  146 1.45000   -0.09688    0.00008    0.00002
  147 1.46000   -0.09688    0.00008    0.00002
  148 1.47000   -0.09688    0.00008    0.00002
  149 1.48000   -0.09688    0.00008    0.00002
  150 1.49000   -0.09688    0.00008    0.00002
  151 1.50000   -0.09688    0.00008    0.00002
  152 1.51000   -0.09688    0.00008    0.00002
  153 1.52000   -0.09688    0.00008    0.00002
  154 1.53000   -0.09688    0.00008    0.00002
  155 1.54000   -0.09688    0.00008    0.00002
  156 1.55000   -0.09688    0.00008    0.00002
  157 1.56000   -0.09688    0.00008    0.00002
  158 1.57000   -0.09688    0.00008    0.00002
  159 1.58000   -0.09688    0.00008    0.00002
  160 1.59000   -0.09688    0.00008    0.00002
  161 1.60000   -0.09688    0.00008    0.00002
  162 1.61000   -0.09688    0.00008    0.00002
  163 1.62000   -0.09688    0.00008    0.00002
  164 1.63000   -0.09688    0.00008    0.00002
  165 1.64000   -0.09688    0.00008    0.00002
  166 1.65000   -0.09688    0.00008    0.00002
  167 1.66000   -0.09688    0.00008    0.00002
  168 1.67000   -0.09688    0.00008    0.00002
  169 1.68000   -0.09688    0.00008    0.00002
  170 1.69000   -0.09688    0.00008    0.00002
  171 1.70000   -0.09688    0.00008    0.00002
  172 1.71000   -0.09688    0.00008    0.00002
  173 1.72000   -0.09688    0.00008    0.00002
  174 1.73000   -0.09688    0.00008    0.00002
  175 1.74000   -0.09688    0.00008    0.00002
  176 1.75000   -0.09688    0.00008    0.00002
  177 1.76000   -0.09688    0.00008    0.00002
  178 1.77000   -0.09688    0.00008    0.00002
  179 1.78000   -0.09688    0.00008    0.00002
  180 1.79000   -0.09688    0.00008    0.00002
  181 1.80000   -0.09688    0.00008    0.00002
  182 1.81000   -0.09688    0.00008    0.00002
  183 1.82000   -0.09688    0.00008    0.00002
  184 1.83000   -0.09688    0.00008    0.00002
  185 1.84000   -0.09688    0.00008    0.00002
  186 1.85000   -0.09688    0.00008    0.00002
  187 1.86000   -0.09688    0.00008    0.00002
  188 1.87000   -0.09688    0.00008    0.00002
  189 1.88000   -0.09688    0.00008    0.00002
  190 1.89000   -0.09688    0.00008    0.00002
  191 1.90000   -0.09688    0.00008    0.00002
  192 1.91000   -0.09688    0.00008    0.00002
  193 1.92000   -0.09688    0.00008    0.00002
  194 1.93000   -0.09688    0.00008    0.00002
  195 1.94000   -0.09688    0.00008    0.00002
  196 1.95000   -0.09688    0.00008    0.00002
  197 1.96000   -0.09688    0.00008    0.00002
  198 1.97000   -0.09688    0.00008    0.00002
  199 1.98000   -0.09688    0.00008    0.00002
  200 1.99000   -0.09688    0.00008    0.00002
  201 2.00000   -0.09688    0.00008    0.00002
  202 2.01000   -0.10000    0.07050    0.01464
  203 2.02000   -0.10541    0.10249    0.02144
  204 2.03000   -0.10917    0.11807    0.02492
  205 2.04000   -0.11128    0.12681    0.02688
  206 2.05000   -0.11240    0.13263    0.02813
  207 2.06000   -0.11300    0.13715    0.02904
  208 2.07000   -0.11330    0.14102    0.02977
  209 2.08000   -0.11343    0.14452    0.03040
  210 2.09000   -0.11343    0.14778    0.03096
  211 2.10000   -0.11333    0.15083    0.03147
  212 2.11000   -0.11315    0.15371    0.03193
  213 2.12000   -0.11288    0.15643    0.03235
  214 2.13000   -0.11254    0.15901    0.03273
  215 2.14000   -0.11211    0.16145    0.03306
  216 2.15000   -0.11161    0.16377    0.03337
  217 2.16000   -0.11104    0.16596    0.03363
  218 2.17000   -0.11040    0.16804    0.03386
  219 2.18000   -0.10968    0.17002    0.03407
  220 2.19000   -0.10890    0.17190    0.03424
  221 2.20000   -0.10806    0.17368    0.03438
  222 2.21000   -0.10714    0.17537    0.03449
  223 2.22000   -0.10617    0.17698    0.03457
  224 2.23000   -0.10514    0.17851    0.03463
  225 2.24000   -0.10405    0.17997    0.03467
  226 2.25000   -0.10290    0.18136    0.03468
  227 2.26000   -0.10170    0.18268    0.03467
  228 2.27000   -0.10045    0.18394    0.03463
  229 2.28000   -0.09915    0.18514    0.03458
  230 2.29000   -0.09781    0.18629    0.03451
  231 2.30000   -0.09642    0.18738    0.03441
  232 2.31000   -0.09498    0.18843    0.03430
  233 2.32000   -0.09351    0.18943    0.03418
  234 2.33000   -0.09200    0.19038    0.03403
  235 2.34000   -0.09046    0.19129    0.03387
  236 2.35000   -0.08888    0.19217    0.03370
  237 2.36000   -0.08726    0.19300    0.03351
  238 2.37000   -0.08562    0.19381    0.03331
  239 2.38000   -0.08395    0.19457    0.03310
  240 2.39000   -0.08226    0.19531    0.03288
  241 2.40000   -0.08054    0.19602    0.03264
  242 2.41000   -0.07880    0.19670    0.03240
  243 2.42000   -0.07704    0.19735    0.03214
  244 2.43000   -0.07526    0.19798    0.03188
  245 2.44000   -0.07346    0.19859    0.03161
  246 2.45000   -0.07165    0.19917    0.03133
  247 2.46000   -0.06983    0.19973    0.03104
  248 2.47000   -0.06800    0.20027    0.03075
  249 2.48000   -0.06616    0.20079    0.03045
  250 2.49000   -0.06431    0.20129    0.03014
  251 2.50000   -0.06246    0.20178    0.02983
  252 2.51000   -0.06060    0.20224    0.02952
  253 2.52000   -0.05875    0.20270    0.02920
  254 2.53000   -0.05689    0.20313    0.02888
  255 2.54000   -0.05503    0.20356    0.02855
  256 2.55000   -0.05318    0.20396    0.02822
  257 2.56000   -0.05133    0.20436    0.02789
  258 2.57000   -0.04948    0.20474    0.02756
  259 2.58000   -0.04765    0.20511    0.02723
  260 2.59000   -0.04583    0.20547    0.02689
  261 2.60000   -0.04401    0.20582    0.02656
  262 2.61000   -0.04221    0.20616    0.02622
  263 2.62000   -0.04043    0.20648    0.02589
  264 2.63000   -0.03866    0.20680    0.02556
  265 2.64000   -0.03690    0.20711    0.02522
  266 2.65000   -0.03517    0.20740    0.02489
  267 2.66000   -0.03346    0.20769    0.02456
  268 2.67000   -0.03177    0.20797    0.02424
  269 2.68000   -0.03010    0.20824    0.02391
  270 2.69000   -0.02846    0.20851    0.02359
  271 2.70000   -0.02684    0.20876    0.02327
  272 2.71000   -0.02525    0.20901    0.02296
  273 2.72000   -0.02370    0.20925    0.02265
  274 2.73000   -0.02217    0.20948    0.02234
  275 2.74000   -0.02067    0.20970    0.02204
  276 2.75000   -0.01921    0.20992    0.02175
  277 2.76000   -0.01778    0.21013    0.02146
  278 2.77000   -0.01639    0.21033    0.02117
  279 2.78000   -0.01504    0.21052    0.02089
  280 2.79000   -0.01373    0.21071    0.02062
  281 2.80000   -0.01245    0.21089    0.02035
  282 2.81000   -0.01122    0.21106    0.02009
  283 2.82000   -0.01003    0.21123    0.01983
  284 2.83000   -0.00889    0.21139    0.01959
  285 2.84000   -0.00779    0.21154    0.01935
  286 2.85000   -0.00674    0.21168    0.01911
  287 2.86000   -0.00574    0.21182    0.01889
  288 2.87000   -0.00479    0.21194    0.01867
  289 2.88000   -0.00389    0.21207    0.01847
  290 2.89000   -0.00304    0.21218    0.01827
  291 2.90000   -0.00225    0.21229    0.01808
  292 2.91000   -0.00151    0.21239    0.01790
  293 2.92000   -0.00083    0.21248    0.01773
  294 2.93000   -0.00020    0.21256    0.01757
  295 2.94000    0.00036    0.21264    0.01742
  296 2.95000    0.00087    0.21270    0.01727
  297 2.96000    0.00131    0.21276    0.01714
  298 2.97000    0.00169    0.21281    0.01702
  299 2.98000    0.00200    0.21286    0.01691
  300 2.99000    0.00225    0.21289    0.01682
  301 3.00000    0.00243    0.21291    0.01673
  302 3.01000    0.00255    0.21293    0.01665
  303 3.02000    0.00259    0.21293    0.01659
  304 3.03000    0.00258    0.21293    0.01653
  305 3.04000    0.00249    0.21292    0.01649
  306 3.05000    0.00234    0.21290    0.01645
  307 3.06000    0.00213    0.21288    0.01643
  308 3.07000    0.00186    0.21284    0.01641
  309 3.08000    0.00153    0.21279    0.01641
  310 3.09000    0.00114    0.21273    0.01641
  311 3.10000    0.00069    0.21267    0.01642
  312 3.11000    0.00019    0.21259    0.01644
  313 3.12000   -0.00037    0.21251    0.01646
  314 3.13000   -0.00098    0.21242    0.01650
  315 3.14000   -0.00165    0.21231    0.01654
  316 3.15000   -0.00237    0.21220    0.01659
  317 3.16000   -0.00313    0.21208    0.01665
  318 3.17000   -0.00394    0.21194    0.01671
  319 3.18000   -0.00480    0.21180    0.01678
  320 3.19000   -0.00571    0.21164    0.01686
  321 3.20000   -0.00666    0.21148    0.01694
  322 3.21000   -0.00765    0.21130    0.01702
  323 3.22000   -0.00869    0.21111    0.01712
  324 3.23000   -0.00976    0.21090    0.01721
  325 3.24000   -0.01087    0.21069    0.01731
  326 3.25000   -0.01202    0.21046    0.01742
  327 3.26000   -0.01321    0.21022    0.01753
  328 3.27000   -0.01443    0.20997    0.01764
  329 3.28000   -0.01568    0.20970    0.01776
  330 3.29000   -0.01696    0.20942    0.01788
  331 3.30000   -0.01828    0.20913    0.01800
  332 3.31000   -0.01962    0.20882    0.01812
  333 3.32000   -0.02098    0.20849    0.01825
  334 3.33000   -0.02238    0.20815    0.01837
  335 3.34000   -0.02379    0.20779    0.01850
  336 3.35000   -0.02523    0.20742    0.01863
  337 3.36000   -0.02669    0.20703    0.01875
  338 3.37000   -0.02817    0.20661    0.01888
  339 3.38000   -0.02966    0.20618    0.01901
  340 3.39000   -0.03117    0.20573    0.01913
  341 3.40000   -0.03270    0.20526    0.01926
  342 3.41000   -0.03423    0.20477    0.01938
  343 3.42000   -0.03578    0.20425    0.01950
  344 3.43000   -0.03733    0.20371    0.01962
  345 3.44000   -0.03890    0.20315    0.01973
  346 3.45000   -0.04046    0.20256    0.01984
  347 3.46000   -0.04204    0.20194    0.01994
  348 3.47000   -0.04361    0.20129    0.02004
  349 3.48000   -0.04518    0.20062    0.02014
  350 3.49000   -0.04676    0.19991    0.02023
  351 3.50000   -0.04833    0.19917    0.02031
  352 3.51000   -0.04989    0.19840    0.02039
  353 3.52000   -0.05145    0.19760    0.02045
  354 3.53000   -0.05300    0.19675    0.02051
  355 3.54000   -0.05454    0.19587    0.02057
  356 3.55000   -0.05606    0.19494    0.02061
  357 3.56000   -0.05757    0.19397    0.02064
  358 3.57000   -0.05907    0.19296    0.02066
  359 3.58000   -0.06055    0.19190    0.02067
  360 3.59000   -0.06201    0.19079    0.02067
  361 3.60000   -0.06345    0.18962    0.02065
  362 3.61000   -0.06487    0.18840    0.02063
  363 3.62000   -0.06626    0.18712    0.02058
  364 3.63000   -0.06763    0.18578    0.02053
  365 3.64000   -0.06897    0.18437    0.02045
  366 3.65000   -0.07028    0.18289    0.02037
  367 3.66000   -0.07156    0.18134    0.02026
  368 3.67000   -0.07281    0.17971    0.02014
  369 3.68000   -0.07403    0.17800    0.01999
  370 3.69000   -0.07521    0.17620    0.01983
  371 3.70000   -0.07636    0.17431    0.01965
  372 3.71000   -0.07747    0.17232    0.01944
  373 3.72000   -0.07854    0.17022    0.01921
  374 3.73000   -0.07958    0.16802    0.01896
  375 3.74000   -0.08058    0.16570    0.01868
  376 3.75000   -0.08154    0.16326    0.01838
  377 3.76000   -0.08246    0.16069    0.01805
  378 3.77000   -0.08334    0.15798    0.01769
  379 3.78000   -0.08419    0.15513    0.01729
  380 3.79000   -0.08500    0.15211    0.01687
  381 3.80000   -0.08577    0.14894    0.01641
  382 3.81000   -0.08651    0.14559    0.01592
  383 3.82000   -0.08722    0.14205    0.01539
  384 3.83000   -0.08791    0.13831    0.01482
  385 3.84000   -0.08856    0.13436    0.01421
  386 3.85000   -0.08920    0.13020    0.01356
  387 3.86000   -0.08982    0.12579    0.01286
  388 3.87000   -0.09043    0.12114    0.01211
  389 3.88000   -0.09104    0.11622    0.01131
  390 3.89000   -0.09165    0.11101    0.01045
  391 3.90000   -0.09228    0.10551    0.00954
  392 3.91000   -0.09293    0.09969    0.00857
  393 3.92000   -0.09361    0.09354    0.00754
  394 3.93000   -0.09435    0.08703    0.00643
  395 3.94000   -0.09515    0.08014    0.00526
  396 3.95000   -0.09603    0.07286    0.00401
  397 3.96000   -0.09701    0.06515    0.00267
  398 3.97000   -0.09811    0.05700    0.00125
  399 3.98000   -0.09936    0.04839   -0.00026
  400 3.99000   -0.10079    0.03928   -0.00188
  401 4.00000   -0.10242    0.02966   -0.00359
  402 4.01000   -0.10348    0.01956   -0.00543
  403 4.02000   -0.10429    0.00953   -0.00731
  404 4.03000   -0.10505   -0.00021   -0.00915
  405 4.04000   -0.10583   -0.00956   -0.01095
  406 4.05000   -0.10665   -0.01849   -0.01268
  407 4.06000   -0.10748   -0.02702   -0.01436
  408 4.07000   -0.10833   -0.03513   -0.01596
  409 4.08000   -0.10917   -0.04285   -0.01750
  410 4.09000   -0.10999   -0.05018   -0.01898
  411 4.10000   -0.11077   -0.05714   -0.02039
  412 4.11000   -0.11150   -0.06374   -0.02173
  413 4.12000   -0.11218   -0.07001   -0.02301
  414 4.13000   -0.11279   -0.07594   -0.02423
  415 4.14000   -0.11333   -0.08157   -0.02538
  416 4.15000   -0.11379   -0.08689   -0.02646
  417 4.16000   -0.11417   -0.09194   -0.02749
  418 4.17000   -0.11446   -0.09672   -0.02846
  419 4.18000   -0.11467   -0.10124   -0.02937
  420 4.19000   -0.11478   -0.10552   -0.03022
  421 4.20000   -0.11481   -0.10957   -0.03102
  422 4.21000   -0.11475   -0.11340   -0.03176
  423 4.22000   -0.11459   -0.11703   -0.03245
  424 4.23000   -0.11435   -0.12046   -0.03309
  425 4.24000   -0.11402   -0.12371   -0.03368
  426 4.25000   -0.11360   -0.12678   -0.03423
  427 4.26000   -0.11310   -0.12970   -0.03473
  428 4.27000   -0.11251   -0.13245   -0.03518
  429 4.28000   -0.11184   -0.13506   -0.03559
  430 4.29000   -0.11110   -0.13753   -0.03596
  431 4.30000   -0.11028   -0.13987   -0.03630
  432 4.31000   -0.10938   -0.14209   -0.03659
  433 4.32000   -0.10841   -0.14419   -0.03685
  434 4.33000   -0.10738   -0.14618   -0.03707
  435 4.34000   -0.10628   -0.14807   -0.03726
  436 4.35000   -0.10512   -0.14986   -0.03742
  437 4.36000   -0.10390   -0.15156   -0.03754
  438 4.37000   -0.10262   -0.15317   -0.03764
  439 4.38000   -0.10129   -0.15470   -0.03771
  440 4.39000   -0.09991   -0.15614   -0.03776
  441 4.40000   -0.09848   -0.15752   -0.03777
  442 4.41000   -0.09700   -0.15883   -0.03777
  443 4.42000   -0.09549   -0.16007   -0.03774
  444 4.43000   -0.09393   -0.16125   -0.03769
  445 4.44000   -0.09234   -0.16237   -0.03762
  446 4.45000   -0.09071   -0.16344   -0.03753
  447 4.46000   -0.08905   -0.16446   -0.03742
  448 4.47000   -0.08736   -0.16542   -0.03730
  449 4.48000   -0.08565   -0.16634   -0.03716
  450 4.49000   -0.08391   -0.16722   -0.03700
  451 4.50000   -0.08215   -0.16805   -0.03683
  452 4.51000   -0.08037   -0.16885   -0.03665
  453 4.52000   -0.07858   -0.16961   -0.03645
  454 4.53000   -0.07677   -0.17033   -0.03624
  455 4.54000   -0.07495   -0.17102   -0.03602
  456 4.55000   -0.07312   -0.17168   -0.03579
  457 4.56000   -0.07129   -0.17231   -0.03555
  458 4.57000   -0.06945   -0.17291   -0.03531
  459 4.58000   -0.06761   -0.17349   -0.03505
  460 4.59000   -0.06576   -0.17404   -0.03479
  461 4.60000   -0.06392   -0.17456   -0.03452
  462 4.61000   -0.06209   -0.17507   -0.03425
  463 4.62000   -0.06026   -0.17555   -0.03397
  464 4.63000   -0.05843   -0.17601   -0.03369
  465 4.64000   -0.05662   -0.17646   -0.03341
  466 4.65000   -0.05482   -0.17688   -0.03312
  467 4.66000   -0.05303   -0.17729   -0.03283
  468 4.67000   -0.05126   -0.17768   -0.03253
  469 4.68000   -0.04951   -0.17806   -0.03224
  470 4.69000   -0.04777   -0.17842   -0.03194
  471 4.70000   -0.04606   -0.17877   -0.03165
  472 4.71000   -0.04437   -0.17910   -0.03135
  473 4.72000   -0.04271   -0.17942   -0.03106
  474 4.73000   -0.04107   -0.17973   -0.03077
  475 4.74000   -0.03946   -0.18003   -0.03048
  476 4.75000   -0.03789   -0.18032   -0.03019
  477 4.76000   -0.03634   -0.18059   -0.02990
  478 4.77000   -0.03483   -0.18086   -0.02962
  479 4.78000   -0.03335   -0.18112   -0.02934
  480 4.79000   -0.03191   -0.18137   -0.02907
  481 4.80000   -0.03051   -0.18161   -0.02879
  482 4.81000   -0.02915   -0.18184   -0.02853
  483 4.82000   -0.02783   -0.18206   -0.02827
  484 4.83000   -0.02655   -0.18227   -0.02801
  485 4.84000   -0.02532   -0.18248   -0.02776
  486 4.85000   -0.02413   -0.18268   -0.02752
  487 4.86000   -0.02300   -0.18287   -0.02729
  488 4.87000   -0.02191   -0.18305   -0.02706
  489 4.88000   -0.02087   -0.18323   -0.02684
  490 4.89000   -0.01989   -0.18340   -0.02662
  491 4.90000   -0.01896   -0.18356   -0.02642
  492 4.91000   -0.01809   -0.18372   -0.02622
  493 4.92000   -0.01727   -0.18387   -0.02603
  494 4.93000   -0.01651   -0.18401   -0.02585
  495 4.94000   -0.01581   -0.18415   -0.02568
  496 4.95000   -0.01517   -0.18428   -0.02552
  497 4.96000   -0.01460   -0.18441   -0.02537
  498 4.97000   -0.01409   -0.18452   -0.02523
  499 4.98000   -0.01364   -0.18464   -0.02510
  500 4.99000   -0.01326   -0.18474   -0.02498
  501 5.00000   -0.01295   -0.18484   -0.02487
  502 5.01000   -0.01271   -0.18493   -0.02477
  503 5.02000   -0.01253   -0.18502   -0.02468
  504 5.03000   -0.01242   -0.18510   -0.02460
  505 5.04000   -0.01237   -0.18517   -0.02453
  506 5.05000   -0.01239   -0.18524   -0.02447
  507 5.06000   -0.01246   -0.18531   -0.02442
  508 5.07000   -0.01260   -0.18536   -0.02438
  509 5.08000   -0.01279   -0.18542   -0.02434
  510 5.09000   -0.01304   -0.18546   -0.02431
  511 5.10000   -0.01335   -0.18550   -0.02429
  512 5.11000   -0.01372   -0.18554   -0.02428
  513 5.12000   -0.01414   -0.18556   -0.02427
  514 5.13000   -0.01461   -0.18558   -0.02427
  515 5.14000   -0.01513   -0.18559   -0.02428
  516 5.15000   -0.01571   -0.18560   -0.02430
  517 5.16000   -0.01633   -0.18559   -0.02432
  518 5.17000   -0.01700   -0.18558   -0.02434
  519 5.18000   -0.01772   -0.18556   -0.02438
  520 5.19000   -0.01849   -0.18553   -0.02442
  521 5.20000   -0.01930   -0.18550   -0.02446
  522 5.21000   -0.02015   -0.18545   -0.02451
  523 5.22000   -0.02104   -0.18539   -0.02456
  524 5.23000   -0.02198   -0.18533   -0.02462
  525 5.24000   -0.02295   -0.18525   -0.02468
  526 5.25000   -0.02396   -0.18516   -0.02475
  527 5.26000   -0.02501   -0.18506   -0.02482
  528 5.27000   -0.02609   -0.18495   -0.02489
  529 5.28000   -0.02721   -0.18483   -0.02496
  530 5.29000   -0.02836   -0.18469   -0.02504
  531 5.30000   -0.02954   -0.18454   -0.02512
  532 5.31000   -0.03075   -0.18438   -0.02520
  533 5.32000   -0.03199   -0.18420   -0.02528
  534 5.33000   -0.03325   -0.18401   -0.02537
  535 5.34000   -0.03454   -0.18380   -0.02545
  536 5.35000   -0.03585   -0.18357   -0.02554
  537 5.36000   -0.03718   -0.18333   -0.02562
  538 5.37000   -0.03854   -0.18307   -0.02571
  539 5.38000   -0.03991   -0.18279   -0.02579
  540 5.39000   -0.04130   -0.18249   -0.02587
  541 5.40000   -0.04270   -0.18217   -0.02595
  542 5.41000   -0.04412   -0.18183   -0.02603
  543 5.42000   -0.04556   -0.18147   -0.02611
  544 5.43000   -0.04700   -0.18108   -0.02618
  545 5.44000   -0.04845   -0.18066   -0.02625
  546 5.45000   -0.04991   -0.18023   -0.02632
  547 5.46000   -0.05137   -0.17976   -0.02638
  548 5.47000   -0.05284   -0.17926   -0.02644
  549 5.48000   -0.05431   -0.17874   -0.02649
  550 5.49000   -0.05578   -0.17818   -0.02654
  551 5.50000   -0.05725   -0.17759   -0.02658
  552 5.51000   -0.05872   -0.17696   -0.02661
  553 5.52000   -0.06018   -0.17630   -0.02664
  554 5.53000   -0.06163   -0.17560   -0.02666
  555 5.54000   -0.06308   -0.17486   -0.02666
  556 5.55000   -0.06452   -0.17408   -0.02667
  557 5.56000   -0.06594   -0.17325   -0.02666
  558 5.57000   -0.06735   -0.17237   -0.02664
  559 5.58000   -0.06875   -0.17144   -0.02661
  560 5.59000   -0.07013   -0.17047   -0.02657
  561 5.60000   -0.07149   -0.16943   -0.02651
  562 5.61000   -0.07283   -0.16834   -0.02645
  563 5.62000   -0.07415   -0.16718   -0.02637
  564 5.63000   -0.07544   -0.16596   -0.02627
  565 5.64000   -0.07671   -0.16468   -0.02617
  566 5.65000   -0.07796   -0.16332   -0.02604
  567 5.66000   -0.07917   -0.16188   -0.02590
  568 5.67000   -0.08036   -0.16036   -0.02574
  569 5.68000   -0.08151   -0.15876   -0.02557
  570 5.69000   -0.08264   -0.15707   -0.02537
  571 5.70000   -0.08373   -0.15528   -0.02516
  572 5.71000   -0.08479   -0.15339   -0.02492
  573 5.72000   -0.08581   -0.15139   -0.02467
  574 5.73000   -0.08680   -0.14928   -0.02439
  575 5.74000   -0.08775   -0.14705   -0.02408
  576 5.75000   -0.08867   -0.14469   -0.02375
  577 5.76000   -0.08955   -0.14220   -0.02340
  578 5.77000   -0.09039   -0.13957   -0.02301
  579 5.78000   -0.09121   -0.13678   -0.02260
  580 5.79000   -0.09198   -0.13384   -0.02216
  581 5.80000   -0.09273   -0.13072   -0.02169
  582 5.81000   -0.09344   -0.12742   -0.02118
  583 5.82000   -0.09413   -0.12394   -0.02064
  584 5.83000   -0.09479   -0.12025   -0.02006
  585 5.84000   -0.09543   -0.11635   -0.01944
  586 5.85000   -0.09605   -0.11222   -0.01878
  587 5.86000   -0.09666   -0.10785   -0.01808
  588 5.87000   -0.09727   -0.10322   -0.01733
  589 5.88000   -0.09787   -0.09832   -0.01653
  590 5.89000   -0.09848   -0.09314   -0.01568
  591 5.90000   -0.09910   -0.08765   -0.01478
  592 5.91000   -0.09975   -0.08184   -0.01381
  593 5.92000   -0.10045   -0.07569   -0.01279
  594 5.93000   -0.10119   -0.06918   -0.01170
  595 5.94000   -0.10200   -0.06229   -0.01055
  596 5.95000   -0.10290   -0.05500   -0.00932
  597 5.96000   -0.10390   -0.04729   -0.00801
  598 5.97000   -0.10502   -0.03913   -0.00661
  599 5.98000   -0.10629   -0.03050   -0.00513
  600 5.99000   -0.10775   -0.02139   -0.00355
  601 6.00000   -0.10941   -0.01175   -0.00187
  602 6.01000   -0.11055   -0.00160   -0.00007
  603 6.02000   -0.11146    0.00852    0.00175
  604 6.03000   -0.11233    0.01835    0.00355
  605 6.04000   -0.11322    0.02779    0.00530
  606 6.05000   -0.11413    0.03681    0.00698
  607 6.06000   -0.11506    0.04541    0.00861
  608 6.07000   -0.11599    0.05359    0.01017
  609 6.08000   -0.11691    0.06136    0.01167
  610 6.09000   -0.11780    0.06875    0.01310
  611 6.10000   -0.11866    0.07576    0.01447
  612 6.11000   -0.11946    0.08241    0.01577
  613 6.12000   -0.12020    0.08871    0.01701
  614 6.13000   -0.12087    0.09468    0.01818
  615 6.14000   -0.12147    0.10035    0.01929
  616 6.15000   -0.12198    0.10571    0.02034
  617 6.16000   -0.12242    0.11079    0.02133
  618 6.17000   -0.12276    0.11560    0.02226
  619 6.18000   -0.12302    0.12015    0.02313
  620 6.19000   -0.12318    0.12446    0.02395
  621 6.20000   -0.12326    0.12855    0.02471
  622 6.21000   -0.12324    0.13242    0.02541
  623 6.22000   -0.12314    0.13608    0.02607
  624 6.23000   -0.12294    0.13956    0.02667
  625 6.24000   -0.12265    0.14285    0.02722
  626 6.25000   -0.12228    0.14596    0.02773
  627 6.26000   -0.12182    0.14892    0.02819
  628 6.27000   -0.12128    0.15172    0.02861
  629 6.28000   -0.12066    0.15438    0.02899
  630 6.29000   -0.11996    0.15689    0.02932
  631 6.30000   -0.11919    0.15929    0.02962
  632 6.31000   -0.11834    0.16156    0.02987
  633 6.32000   -0.11742    0.16371    0.03010
  634 6.33000   -0.11644    0.16576    0.03028
  635 6.34000   -0.11539    0.16770    0.03044
  636 6.35000   -0.11427    0.16955    0.03056
  637 6.36000   -0.11310    0.17131    0.03065
  638 6.37000   -0.11188    0.17298    0.03071
  639 6.38000   -0.11059    0.17458    0.03074
  640 6.39000   -0.10926    0.17609    0.03075
  641 6.40000   -0.10788    0.17754    0.03074
  642 6.41000   -0.10646    0.17891    0.03069
  643 6.42000   -0.10499    0.18022    0.03063
  644 6.43000   -0.10349    0.18147    0.03054
  645 6.44000   -0.10195    0.18267    0.03044
  646 6.45000   -0.10037    0.18381    0.03031
  647 6.46000   -0.09876    0.18489    0.03017
  648 6.47000   -0.09713    0.18593    0.03001
  649 6.48000   -0.09546    0.18693    0.02983
  650 6.49000   -0.09378    0.18788    0.02964
  651 6.50000   -0.09207    0.18879    0.02944
  652 6.51000   -0.09034    0.18965    0.02922
  653 6.52000   -0.08860    0.19049    0.02898
  654 6.53000   -0.08684    0.19129    0.02874
  655 6.54000   -0.08507    0.19205    0.02849
  656 6.55000   -0.08330    0.19279    0.02822
  657 6.56000   -0.08151    0.19349    0.02795
  658 6.57000   -0.07972    0.19417    0.02767
  659 6.58000   -0.07793    0.19482    0.02738
  660 6.59000   -0.07613    0.19544    0.02708
  661 6.60000   -0.07434    0.19604    0.02678
  662 6.61000   -0.07255    0.19661    0.02647
  663 6.62000   -0.07076    0.19717    0.02616
  664 6.63000   -0.06899    0.19770    0.02585
  665 6.64000   -0.06722    0.19821    0.02553
  666 6.65000   -0.06546    0.19871    0.02520
  667 6.66000   -0.06372    0.19918    0.02488
  668 6.67000   -0.06199    0.19964    0.02455
  669 6.68000   -0.06028    0.20009    0.02422
  670 6.69000   -0.05858    0.20051    0.02390
  671 6.70000   -0.05691    0.20092    0.02357
  672 6.71000   -0.05526    0.20132    0.02324
  673 6.72000   -0.05363    0.20170    0.02291
  674 6.73000   -0.05203    0.20207    0.02259
  675 6.74000   -0.05046    0.20243    0.02227
  676 6.75000   -0.04891    0.20277    0.02195
  677 6.76000   -0.04740    0.20310    0.02163
  678 6.77000   -0.04592    0.20342    0.02131
  679 6.78000   -0.04447    0.20373    0.02100
  680 6.79000   -0.04306    0.20402    0.02070
  681 6.80000   -0.04168    0.20431    0.02040
  682 6.81000   -0.04035    0.20458    0.02010
  683 6.82000   -0.03905    0.20485    0.01981
  684 6.83000   -0.03780    0.20510    0.01952
  685 6.84000   -0.03659    0.20535    0.01925
  686 6.85000   -0.03543    0.20558    0.01897
  687 6.86000   -0.03431    0.20581    0.01871
  688 6.87000   -0.03324    0.20602    0.01845
  689 6.88000   -0.03222    0.20623    0.01820
  690 6.89000   -0.03125    0.20643    0.01796
  691 6.90000   -0.03033    0.20661    0.01773
  692 6.91000   -0.02947    0.20679    0.01750
  693 6.92000   -0.02866    0.20696    0.01728
  694 6.93000   -0.02791    0.20712    0.01708
  695 6.94000   -0.02721    0.20727    0.01688
  696 6.95000   -0.02658    0.20741    0.01670
  697 6.96000   -0.02601    0.20754    0.01652
  698 6.97000   -0.02550    0.20766    0.01635
  699 6.98000   -0.02505    0.20778    0.01620
  700 6.99000   -0.02467    0.20788    0.01606
  701 7.00000   -0.02435    0.20797    0.01592
  702 7.01000   -0.02410    0.20806    0.01580
  703 7.02000   -0.02392    0.20813    0.01569
  704 7.03000   -0.02380    0.20820    0.01559
  705 7.04000   -0.02373    0.20826    0.01550
  706 7.05000   -0.02373    0.20831    0.01541
  707 7.06000   -0.02379    0.20835    0.01534
  708 7.07000   -0.02391    0.20838    0.01527
  709 7.08000   -0.02408    0.20840    0.01521
  710 7.09000   -0.02431    0.20841    0.01516
  711 7.10000   -0.02459    0.20842    0.01512
  712 7.11000   -0.02494    0.20841    0.01509
  713 7.12000   -0.02533    0.20840    0.01506
  714 7.13000   -0.02577    0.20837    0.01504
  715 7.14000   -0.02626    0.20834    0.01502
  716 7.15000   -0.02680    0.20829    0.01502
  717 7.16000   -0.02739    0.20823    0.01502
  718 7.17000   -0.02803    0.20817    0.01502
  719 7.18000   -0.02871    0.20809    0.01504
  720 7.19000   -0.02944    0.20801    0.01505
  721 7.20000   -0.03021    0.20791    0.01508
  722 7.21000   -0.03102    0.20780    0.01511
  723 7.22000   -0.03187    0.20768    0.01514
  724 7.23000   -0.03276    0.20754    0.01518
  725 7.24000   -0.03369    0.20740    0.01522
  726 7.25000   -0.03465    0.20724    0.01527
  727 7.26000   -0.03565    0.20706    0.01532
  728 7.27000   -0.03669    0.20688    0.01537
  729 7.28000   -0.03776    0.20668    0.01543
  730 7.29000   -0.03885    0.20647    0.01549
  731 7.30000   -0.03998    0.20624    0.01555
  732 7.31000   -0.04114    0.20599    0.01562
  733 7.32000   -0.04232    0.20573    0.01568
  734 7.33000   -0.04353    0.20546    0.01575
  735 7.34000   -0.04476    0.20516    0.01582
  736 7.35000   -0.04602    0.20485    0.01589
  737 7.36000   -0.04730    0.20452    0.01596
  738 7.37000   -0.04860    0.20418    0.01603
  739 7.38000   -0.04991    0.20381    0.01610
  740 7.39000   -0.05124    0.20342    0.01617
  741 7.40000   -0.05258    0.20301    0.01624
  742 7.41000   -0.05394    0.20258    0.01631
  743 7.42000   -0.05532    0.20213    0.01638
  744 7.43000   -0.05670    0.20165    0.01644
  745 7.44000   -0.05809    0.20114    0.01650
  746 7.45000   -0.05949    0.20061    0.01656
  747 7.46000   -0.06089    0.20005    0.01661
  748 7.47000   -0.06229    0.19947    0.01666
  749 7.48000   -0.06370    0.19885    0.01671
  750 7.49000   -0.06511    0.19820    0.01675
  751 7.50000   -0.06652    0.19752    0.01679
  752 7.51000   -0.06792    0.19680    0.01682
  753 7.52000   -0.06932    0.19605    0.01684
  754 7.53000   -0.07072    0.19526    0.01686
  755 7.54000   -0.07211    0.19443    0.01687
  756 7.55000   -0.07348    0.19356    0.01687
  757 7.56000   -0.07485    0.19264    0.01686
  758 7.57000   -0.07620    0.19168    0.01685
  759 7.58000   -0.07754    0.19067    0.01682
  760 7.59000   -0.07886    0.18961    0.01679
  761 7.60000   -0.08016    0.18849    0.01674
  762 7.61000   -0.08145    0.18732    0.01668
  763 7.62000   -0.08271    0.18609    0.01661
  764 7.63000   -0.08395    0.18479    0.01653
  765 7.64000   -0.08517    0.18343    0.01644
  766 7.65000   -0.08636    0.18200    0.01633
  767 7.66000   -0.08753    0.18049    0.01621
  768 7.67000   -0.08867    0.17891    0.01607
  769 7.68000   -0.08977    0.17724    0.01591
  770 7.69000   -0.09085    0.17549    0.01574
  771 7.70000   -0.09189    0.17364    0.01555
  772 7.71000   -0.09291    0.17169    0.01535
  773 7.72000   -0.09389    0.16964    0.01512
  774 7.73000   -0.09484    0.16748    0.01488
  775 7.74000   -0.09576    0.16520    0.01461
  776 7.75000   -0.09664    0.16280    0.01432
  777 7.76000   -0.09748    0.16026    0.01400
  778 7.77000   -0.09830    0.15759    0.01367
  779 7.78000   -0.09908    0.15477    0.01331
  780 7.79000   -0.09982    0.15179    0.01292
  781 7.80000   -0.10054    0.14865    0.01250
  782 7.81000   -0.10123    0.14533    0.01205
  783 7.82000   -0.10190    0.14182    0.01158
  784 7.83000   -0.10254    0.13812    0.01106
  785 7.84000   -0.10316    0.13420    0.01052
  786 7.85000   -0.10376    0.13006    0.00994
  787 7.86000   -0.10435    0.12569    0.00932
  788 7.87000   -0.10494    0.12106    0.00866
  789 7.88000   -0.10553    0.11616    0.00796
  790 7.89000   -0.10612    0.11098    0.00721
  791 7.90000   -0.10673    0.10549    0.00642
  792 7.91000   -0.10737    0.09969    0.00557
  793 7.92000   -0.10805    0.09355    0.00467
  794 7.93000   -0.10878    0.08705    0.00371
  795 7.94000   -0.10957    0.08017    0.00269
  796 7.95000   -0.11045    0.07290    0.00161
  797 7.96000   -0.11143    0.06519    0.00045
  798 7.97000   -0.11253    0.05704   -0.00078
  799 7.98000   -0.11379    0.04842   -0.00208
  800 7.99000   -0.11521    0.03931   -0.00348
  801 8.00000   -0.11683    0.02967   -0.00496
  802 8.01000   -0.11795    0.01954   -0.00655
  803 8.02000   -0.11885    0.00945   -0.00818
  804 8.03000   -0.11970   -0.00034   -0.00978
  805 8.04000   -0.12057   -0.00974   -0.01135
  806 8.05000   -0.12146   -0.01874   -0.01287
  807 8.06000   -0.12236   -0.02731   -0.01433
  808 8.07000   -0.12327   -0.03548   -0.01574
  809 8.08000   -0.12417   -0.04324   -0.01709
  810 8.09000   -0.12503   -0.05062   -0.01838
  811 8.10000   -0.12586   -0.05763   -0.01962
  812 8.11000   -0.12663   -0.06427   -0.02080
  813 8.12000   -0.12734   -0.07057   -0.02192
  814 8.13000   -0.12799   -0.07654   -0.02299
  815 8.14000   -0.12857   -0.08220   -0.02400
  816 8.15000   -0.12907   -0.08757   -0.02496
  817 8.16000   -0.12948   -0.09264   -0.02586
  818 8.17000   -0.12981   -0.09744   -0.02671
  819 8.18000   -0.13005   -0.10199   -0.02751
  820 8.19000   -0.13021   -0.10630   -0.02825
  821 8.20000   -0.13027   -0.11037   -0.02895
  822 8.21000   -0.13025   -0.11423   -0.02960
  823 8.22000   -0.13014   -0.11788   -0.03020
  824 8.23000   -0.12993   -0.12133   -0.03076
  825 8.24000   -0.12965   -0.12460   -0.03127
  826 8.25000   -0.12928   -0.12769   -0.03174
  827 8.26000   -0.12882   -0.13062   -0.03217
  828 8.27000   -0.12829   -0.13339   -0.03255
  829 8.28000   -0.12767   -0.13602   -0.03290
  830 8.29000   -0.12698   -0.13851   -0.03322
  831 8.30000   -0.12622   -0.14086   -0.03349
  832 8.31000   -0.12539   -0.14309   -0.03374
  833 8.32000   -0.12448   -0.14521   -0.03394
  834 8.33000   -0.12351   -0.14721   -0.03412
  835 8.34000   -0.12247   -0.14911   -0.03427
  836 8.35000   -0.12138   -0.15091   -0.03438
  837 8.36000   -0.12023   -0.15263   -0.03448
  838 8.37000   -0.11903   -0.15425   -0.03454
  839 8.38000   -0.11776   -0.15579   -0.03458
  840 8.39000   -0.11645   -0.15725   -0.03459
  841 8.40000   -0.11509   -0.15864   -0.03458
  842 8.41000   -0.11370   -0.15996   -0.03455
  843 8.42000   -0.11225   -0.16121   -0.03450
  844 8.43000   -0.11077   -0.16240   -0.03443
  845 8.44000   -0.10926   -0.16353   -0.03433
  846 8.45000   -0.10771   -0.16461   -0.03423
  847 8.46000   -0.10613   -0.16563   -0.03410
  848 8.47000   -0.10452   -0.16661   -0.03396
  849 8.48000   -0.10289   -0.16754   -0.03380
  850 8.49000   -0.10123   -0.16843   -0.03364
  851 8.50000   -0.09955   -0.16927   -0.03345
  852 8.51000   -0.09786   -0.17007   -0.03326
  853 8.52000   -0.09614   -0.17084   -0.03305
  854 8.53000   -0.09441   -0.17157   -0.03283
  855 8.54000   -0.09267   -0.17227   -0.03260
  856 8.55000   -0.09092   -0.17294   -0.03236
  857 8.56000   -0.08916   -0.17358   -0.03212
  858 8.57000   -0.08740   -0.17418   -0.03186
  859 8.58000   -0.08564   -0.17477   -0.03161
  860 8.59000   -0.08387   -0.17533   -0.03134
  861 8.60000   -0.08211   -0.17586   -0.03107
  862 8.61000   -0.08035   -0.17637   -0.03079
  863 8.62000   -0.07859   -0.17686   -0.03051
  864 8.63000   -0.07684   -0.17733   -0.03022
  865 8.64000   -0.07510   -0.17778   -0.02993
  866 8.65000   -0.07337   -0.17821   -0.02964
  867 8.66000   -0.07165   -0.17863   -0.02935
  868 8.67000   -0.06995   -0.17902   -0.02905
  869 8.68000   -0.06826   -0.17941   -0.02875
  870 8.69000   -0.06660   -0.17977   -0.02846
  871 8.70000   -0.06495   -0.18013   -0.02816
  872 8.71000   -0.06332   -0.18047   -0.02787
  873 8.72000   -0.06172   -0.18079   -0.02757
  874 8.73000   -0.06013   -0.18111   -0.02727
  875 8.74000   -0.05859   -0.18141   -0.02698
  876 8.75000   -0.05706   -0.18170   -0.02669
  877 8.76000   -0.05557   -0.18198   -0.02641
  878 8.77000   -0.05411   -0.18226   -0.02612
  879 8.78000   -0.05268   -0.18252   -0.02584
  880 8.79000   -0.05128   -0.18277   -0.02556
  881 8.80000   -0.04992   -0.18301   -0.02529
  882 8.81000   -0.04860   -0.18324   -0.02502
  883 8.82000   -0.04733   -0.18347   -0.02476
  884 8.83000   -0.04609   -0.18368   -0.02450
  885 8.84000   -0.04489   -0.18389   -0.02425
  886 8.85000   -0.04374   -0.18409   -0.02401
  887 8.86000   -0.04263   -0.18428   -0.02377
  888 8.87000   -0.04157   -0.18447   -0.02354
  889 8.88000   -0.04056   -0.18465   -0.02331
  890 8.89000   -0.03960   -0.18482   -0.02309
  891 8.90000   -0.03869   -0.18498   -0.02288
  892 8.91000   -0.03784   -0.18514   -0.02269
  893 8.92000   -0.03703   -0.18529   -0.02249
  894 8.93000   -0.03629   -0.18543   -0.02231
  895 8.94000   -0.03559   -0.18557   -0.02213
  896 8.95000   -0.03497   -0.18570   -0.02197
  897 8.96000   -0.03439   -0.18582   -0.02181
  898 8.97000   -0.03389   -0.18594   -0.02167
  899 8.98000   -0.03344   -0.18604   -0.02153
  900 8.99000   -0.03305   -0.18615   -0.02140
  901 9.00000   -0.03273   -0.18624   -0.02129
  902 9.01000   -0.03248   -0.18633   -0.02118
  903 9.02000   -0.03229   -0.18641   -0.02109
  904 9.03000   -0.03216   -0.18649   -0.02100
  905 9.04000   -0.03209   -0.18656   -0.02092
  906 9.05000   -0.03208   -0.18662   -0.02085
  907 9.06000   -0.03213   -0.18668   -0.02079
  908 9.07000   -0.03223   -0.18673   -0.02074
  909 9.08000   -0.03239   -0.18678   -0.02069
  910 9.09000   -0.03261   -0.18682   -0.02065
  911 9.10000   -0.03288   -0.18685   -0.02062
  912 9.11000   -0.03320   -0.18687   -0.02060
  913 9.12000   -0.03358   -0.18689   -0.02058
  914 9.13000   -0.03400   -0.18690   -0.02057
  915 9.14000   -0.03447   -0.18691   -0.02056
  916 9.15000   -0.03499   -0.18690   -0.02057
  917 9.16000   -0.03556   -0.18689   -0.02058
  918 9.17000   -0.03618   -0.18686   -0.02059
  919 9.18000   -0.03683   -0.18683   -0.02061
  920 9.19000   -0.03753   -0.18680   -0.02063
  921 9.20000   -0.03828   -0.18675   -0.02067
  922 9.21000   -0.03907   -0.18669   -0.02070
  923 9.22000   -0.03989   -0.18662   -0.02074
  924 9.23000   -0.04075   -0.18654   -0.02078
  925 9.24000   -0.04165   -0.18645   -0.02083
  926 9.25000   -0.04259   -0.18635   -0.02088
  927 9.26000   -0.04356   -0.18624   -0.02094
  928 9.27000   -0.04456   -0.18612   -0.02100
  929 9.28000   -0.04560   -0.18598   -0.02106
  930 9.29000   -0.04667   -0.18583   -0.02112
  931 9.30000   -0.04776   -0.18567   -0.02119
  932 9.31000   -0.04889   -0.18549   -0.02126
  933 9.32000   -0.05004   -0.18530   -0.02133
  934 9.33000   -0.05122   -0.18510   -0.02140
  935 9.34000   -0.05241   -0.18487   -0.02147
  936 9.35000   -0.05363   -0.18464   -0.02154
  937 9.36000   -0.05487   -0.18438   -0.02161
  938 9.37000   -0.05614   -0.18410   -0.02169
  939 9.38000   -0.05741   -0.18381   -0.02176
  940 9.39000   -0.05871   -0.18350   -0.02183
  941 9.40000   -0.06002   -0.18316   -0.02190
  942 9.41000   -0.06134   -0.18281   -0.02197
  943 9.42000   -0.06268   -0.18243   -0.02204
  944 9.43000   -0.06402   -0.18202   -0.02210
  945 9.44000   -0.06538   -0.18160   -0.02216
  946 9.45000   -0.06674   -0.18114   -0.02222
  947 9.46000   -0.06810   -0.18066   -0.02228
  948 9.47000   -0.06947   -0.18015   -0.02233
  949 9.48000   -0.07084   -0.17961   -0.02237
  950 9.49000   -0.07221   -0.17904   -0.02242
  951 9.50000   -0.07358   -0.17843   -0.02245
  952 9.51000   -0.07495   -0.17779   -0.02248
  953 9.52000   -0.07632   -0.17711   -0.02251
  954 9.53000   -0.07768   -0.17640   -0.02252
  955 9.54000   -0.07903   -0.17564   -0.02254
  956 9.55000   -0.08037   -0.17484   -0.02254
  957 9.56000   -0.08170   -0.17400   -0.02253
  958 9.57000   -0.08302   -0.17311   -0.02252
  959 9.58000   -0.08433   -0.17216   -0.02249
  960 9.59000   -0.08562   -0.17117   -0.02246
  961 9.60000   -0.08689   -0.17012   -0.02242
  962 9.61000   -0.08815   -0.16901   -0.02236
  963 9.62000   -0.08938   -0.16784   -0.02230
  964 9.63000   -0.09059   -0.16661   -0.02222
  965 9.64000   -0.09178   -0.16530   -0.02212
  966 9.65000   -0.09295   -0.16393   -0.02202
  967 9.66000   -0.09410   -0.16247   -0.02190
  968 9.67000   -0.09521   -0.16094   -0.02177
  969 9.68000   -0.09630   -0.15932   -0.02162
  970 9.69000   -0.09736   -0.15761   -0.02145
  971 9.70000   -0.09838   -0.15580   -0.02127
  972 9.71000   -0.09939   -0.15390   -0.02107
  973 9.72000   -0.10036   -0.15188   -0.02085
  974 9.73000   -0.10130   -0.14975   -0.02061
  975 9.74000   -0.10220   -0.14750   -0.02035
  976 9.75000   -0.10307   -0.14513   -0.02007
  977 9.76000   -0.10391   -0.14261   -0.01977
  978 9.77000   -0.10473   -0.13996   -0.01945
  979 9.78000   -0.10551   -0.13715   -0.01910
  980 9.79000   -0.10626   -0.13419   -0.01872
  981 9.80000   -0.10698   -0.13105   -0.01831
  982 9.81000   -0.10768   -0.12773   -0.01788
  983 9.82000   -0.10836   -0.12422   -0.01742
  984 9.83000   -0.10901   -0.12050   -0.01693
  985 9.84000   -0.10965   -0.11657   -0.01640
  986 9.85000   -0.11028   -0.11241   -0.01584
  987 9.86000   -0.11089   -0.10801   -0.01524
  988 9.87000   -0.11151   -0.10336   -0.01460
  989 9.88000   -0.11213   -0.09842   -0.01392
  990 9.89000   -0.11277   -0.09321   -0.01320
  991 9.90000   -0.11342   -0.08768   -0.01243
  992 9.91000   -0.11410   -0.08183   -0.01161
  993 9.92000   -0.11482   -0.07564   -0.01073
  994 9.93000   -0.11560   -0.06909   -0.00980
  995 9.94000   -0.11645   -0.06216   -0.00882
  996 9.95000   -0.11739   -0.05482   -0.00776
  997 9.96000   -0.11844   -0.04706   -0.00664
  998 9.97000   -0.11960   -0.03885   -0.00545
  999 9.98000   -0.12092   -0.03016   -0.00418
 1000 9.99000   -0.12242   -0.02098   -0.00282
 1001 10.00000   -0.12411   -0.01129   -0.00137
 1002 10.01000   -0.12533   -0.00107    0.00018
 1003 10.02000   -0.12633    0.00911    0.00175
 1004 10.03000   -0.12729    0.01900    0.00330
 1005 10.04000   -0.12826    0.02850    0.00482
 1006 10.05000   -0.12924    0.03758    0.00628
 1007 10.06000   -0.13024    0.04624    0.00770
 1008 10.07000   -0.13123    0.05447    0.00906
 1009 10.08000   -0.13220    0.06230    0.01036
 1010 10.09000   -0.13314    0.06973    0.01161
 1011 10.10000   -0.13403    0.07678    0.01280
 1012 10.11000   -0.13487    0.08347    0.01394
 1013 10.12000   -0.13564    0.08981    0.01502
 1014 10.13000   -0.13635    0.09582    0.01604
 1015 10.14000   -0.13698    0.10151    0.01701
 1016 10.15000   -0.13753    0.10691    0.01793
 1017 10.16000   -0.13799    0.11202    0.01879
 1018 10.17000   -0.13837    0.11685    0.01960
 1019 10.18000   -0.13866    0.12144    0.02036
 1020 10.19000   -0.13886    0.12577    0.02106
 1021 10.20000   -0.13898    0.12988    0.02172
 1022 10.21000   -0.13900    0.13378    0.02233
 1023 10.22000   -0.13893    0.13746    0.02289
 1024 10.23000   -0.13877    0.14095    0.02341
 1025 10.24000   -0.13853    0.14426    0.02388
 1026 10.25000   -0.13821    0.14740    0.02432
 1027 10.26000   -0.13780    0.15037    0.02471
 1028 10.27000   -0.13731    0.15319    0.02506
 1029 10.28000   -0.13674    0.15586    0.02537
 1030 10.29000   -0.13610    0.15839    0.02564
 1031 10.30000   -0.13538    0.16080    0.02588
 1032 10.31000   -0.13460    0.16309    0.02609
 1033 10.32000   -0.13374    0.16526    0.02626
 1034 10.33000   -0.13282    0.16732    0.02640
 1035 10.34000   -0.13183    0.16928    0.02651
 1036 10.35000   -0.13078    0.17114    0.02659
 1037 10.36000   -0.12969    0.17291    0.02664
 1038 10.37000   -0.12853    0.17459    0.02667
 1039 10.38000   -0.12732    0.17620    0.02667
 1040 10.39000   -0.12607    0.17773    0.02665
 1041 10.40000   -0.12476    0.17918    0.02660
 1042 10.41000   -0.12342    0.18057    0.02653
 1043 10.42000   -0.12202    0.18189    0.02644
 1044 10.43000   -0.12060    0.18315    0.02633
 1045 10.44000   -0.11913    0.18436    0.02620
 1046 10.45000   -0.11764    0.18551    0.02606
 1047 10.46000   -0.11611    0.18661    0.02590
 1048 10.47000   -0.11456    0.18765    0.02572
 1049 10.48000   -0.11298    0.18866    0.02553
 1050 10.49000   -0.11138    0.18962    0.02532
 1051 10.50000   -0.10975    0.19054    0.02510
 1052 10.51000   -0.10811    0.19142    0.02487
 1053 10.52000   -0.10645    0.19226    0.02462
 1054 10.53000   -0.10478    0.19307    0.02437
 1055 10.54000   -0.10309    0.19385    0.02411
 1056 10.55000   -0.10140    0.19459    0.02383
 1057 10.56000   -0.09969    0.19530    0.02355
 1058 10.57000   -0.09798    0.19599    0.02326
 1059 10.58000   -0.09627    0.19665    0.02297
 1060 10.59000   -0.09455    0.19728    0.02266
 1061 10.60000   -0.09284    0.19789    0.02236
 1062 10.61000   -0.09113    0.19847    0.02205
 1063 10.62000   -0.08942    0.19903    0.02173
 1064 10.63000   -0.08772    0.19957    0.02141
 1065 10.64000   -0.08602    0.20009    0.02108
 1066 10.65000   -0.08434    0.20060    0.02076
 1067 10.66000   -0.08267    0.20108    0.02043
 1068 10.67000   -0.08102    0.20155    0.02010
 1069 10.68000   -0.07937    0.20200    0.01977
 1070 10.69000   -0.07775    0.20243    0.01944
 1071 10.70000   -0.07614    0.20285    0.01911
 1072 10.71000   -0.07455    0.20325    0.01878
 1073 10.72000   -0.07299    0.20364    0.01845
 1074 10.73000   -0.07145    0.20401    0.01812
 1075 10.74000   -0.06994    0.20437    0.01779
 1076 10.75000   -0.06845    0.20472    0.01747
 1077 10.76000   -0.06699    0.20506    0.01715
 1078 10.77000   -0.06556    0.20538    0.01683
 1079 10.78000   -0.06417    0.20570    0.01652
 1080 10.79000   -0.06280    0.20599    0.01621
 1081 10.80000   -0.06147    0.20628    0.01591
 1082 10.81000   -0.06018    0.20656    0.01561
 1083 10.82000   -0.05893    0.20683    0.01532
 1084 10.83000   -0.05772    0.20709    0.01503
 1085 10.84000   -0.05654    0.20734    0.01474
 1086 10.85000   -0.05541    0.20757    0.01447
 1087 10.86000   -0.05433    0.20780    0.01420
 1088 10.87000   -0.05329    0.20802    0.01394
 1089 10.88000   -0.05230    0.20823    0.01369
 1090 10.89000   -0.05135    0.20842    0.01344
 1091 10.90000   -0.05045    0.20861    0.01320
 1092 10.91000   -0.04961    0.20879    0.01297
 1093 10.92000   -0.04881    0.20896    0.01275
 1094 10.93000   -0.04808    0.20912    0.01254
 1095 10.94000   -0.04739    0.20926    0.01234
 1096 10.95000   -0.04677    0.20940    0.01215
 1097 10.96000   -0.04620    0.20953    0.01196
 1098 10.97000   -0.04569    0.20965    0.01180
 1099 10.98000   -0.04524    0.20976    0.01163
 1100 10.99000   -0.04485    0.20986    0.01148
 1101 11.00000   -0.04453    0.20995    0.01134
 1102 11.01000   -0.04427    0.21003    0.01121
 1103 11.02000   -0.04407    0.21010    0.01110
 1104 11.03000   -0.04393    0.21017    0.01099
 1105 11.04000   -0.04384    0.21022    0.01088
 1106 11.05000   -0.04382    0.21026    0.01079
 1107 11.06000   -0.04385    0.21029    0.01071
 1108 11.07000   -0.04393    0.21032    0.01063
 1109 11.08000   -0.04407    0.21033    0.01056
 1110 11.09000   -0.04426    0.21034    0.01050
 1111 11.10000   -0.04450    0.21033    0.01045
 1112 11.11000   -0.04480    0.21032    0.01040
 1113 11.12000   -0.04515    0.21029    0.01036
 1114 11.13000   -0.04553    0.21025    0.01033
 1115 11.14000   -0.04597    0.21021    0.01030
 1116 11.15000   -0.04646    0.21015    0.01028
 1117 11.16000   -0.04699    0.21008    0.01027
 1118 11.17000   -0.04757    0.21001    0.01027
 1119 11.18000   -0.04819    0.20992    0.01026
 1120 11.19000   -0.04884    0.20982    0.01027
 1121 11.20000   -0.04955    0.20971    0.01028
 1122 11.21000   -0.05029    0.20958    0.01029
 1123 11.22000   -0.05107    0.20945    0.01032
 1124 11.23000   -0.05188    0.20930    0.01034
 1125 11.24000   -0.05273    0.20914    0.01037
 1126 11.25000   -0.05362    0.20897    0.01040
 1127 11.26000   -0.05454    0.20878    0.01044
 1128 11.27000   -0.05549    0.20858    0.01047
 1129 11.28000   -0.05648    0.20837    0.01052
 1130 11.29000   -0.05749    0.20814    0.01056
 1131 11.30000   -0.05853    0.20789    0.01061
 1132 11.31000   -0.05959    0.20763    0.01067
 1133 11.32000   -0.06068    0.20736    0.01072
 1134 11.33000   -0.06181    0.20707    0.01078
 1135 11.34000   -0.06294    0.20676    0.01083
 1136 11.35000   -0.06410    0.20643    0.01089
 1137 11.36000   -0.06528    0.20608    0.01095
 1138 11.37000   -0.06649    0.20572    0.01101
 1139 11.38000   -0.06770    0.20534    0.01107
 1140 11.39000   -0.06893    0.20493    0.01112
 1141 11.40000   -0.07017    0.20450    0.01118
 1142 11.41000   -0.07143    0.20406    0.01124
 1143 11.42000   -0.07271    0.20358    0.01130
 1144 11.43000   -0.07398    0.20309    0.01135
 1145 11.44000   -0.07528    0.20257    0.01141
 1146 11.45000   -0.07657    0.20202    0.01146
 1147 11.46000   -0.07787    0.20144    0.01150
 1148 11.47000   -0.07917    0.20084    0.01155
 1149 11.48000   -0.08048    0.20021    0.01158
 1150 11.49000   -0.08179    0.19954    0.01162
 1151 11.50000   -0.08309    0.19884    0.01165
 1152 11.51000   -0.08440    0.19811    0.01168
 1153 11.52000   -0.08570    0.19734    0.01170
 1154 11.53000   -0.08699    0.19653    0.01172
 1155 11.54000   -0.08828    0.19569    0.01173
 1156 11.55000   -0.08956    0.19480    0.01174
 1157 11.56000   -0.09083    0.19387    0.01173
 1158 11.57000   -0.09209    0.19289    0.01172
 1159 11.58000   -0.09333    0.19186    0.01170
 1160 11.59000   -0.09457    0.19078    0.01168
 1161 11.60000   -0.09578    0.18965    0.01164
 1162 11.61000   -0.09698    0.18846    0.01160
 1163 11.62000   -0.09815    0.18721    0.01154
 1164 11.63000   -0.09931    0.18590    0.01147
 1165 11.64000   -0.10044    0.18452    0.01139
 1166 11.65000   -0.10156    0.18307    0.01131
 1167 11.66000   -0.10265    0.18155    0.01121
 1168 11.67000   -0.10372    0.17994    0.01110
 1169 11.68000   -0.10475    0.17826    0.01097
 1170 11.69000   -0.10577    0.17648    0.01083
 1171 11.70000   -0.10674    0.17461    0.01067
 1172 11.71000   -0.10770    0.17265    0.01050
 1173 11.72000   -0.10863    0.17058    0.01031
 1174 11.73000   -0.10953    0.16840    0.01011
 1175 11.74000   -0.11039    0.16610    0.00989
 1176 11.75000   -0.11123    0.16368    0.00965
 1177 11.76000   -0.11204    0.16113    0.00939
 1178 11.77000   -0.11281    0.15844    0.00911
 1179 11.78000   -0.11357    0.15560    0.00881
 1180 11.79000   -0.11429    0.15260    0.00849
 1181 11.80000   -0.11499    0.14943    0.00815
 1182 11.81000   -0.11567    0.14609    0.00778
 1183 11.82000   -0.11632    0.14256    0.00738
 1184 11.83000   -0.11696    0.13883    0.00696
 1185 11.84000   -0.11758    0.13489    0.00651
 1186 11.85000   -0.11819    0.13072    0.00603
 1187 11.86000   -0.11879    0.12631    0.00552
 1188 11.87000   -0.11939    0.12165    0.00497
 1189 11.88000   -0.12000    0.11673    0.00439
 1190 11.89000   -0.12062    0.11151    0.00377
 1191 11.90000   -0.12126    0.10599    0.00311
 1192 11.91000   -0.12193    0.10016    0.00241
 1193 11.92000   -0.12265    0.09398    0.00166
 1194 11.93000   -0.12342    0.08744    0.00087
 1195 11.94000   -0.12426    0.08052    0.00002
 1196 11.95000   -0.12519    0.07319   -0.00088
 1197 11.96000   -0.12622    0.06544   -0.00184
 1198 11.97000   -0.12737    0.05724   -0.00286
 1199 11.98000   -0.12866    0.04857   -0.00396
 1200 11.99000   -0.13013    0.03940   -0.00512
 1201 12.00000   -0.13180    0.02970   -0.00636
 1202 12.01000   -0.13307    0.01951   -0.00769
 1203 12.02000   -0.13415    0.00938   -0.00905
 1204 12.03000   -0.13519   -0.00046   -0.01040
 1205 12.04000   -0.13624   -0.00991   -0.01172
 1206 12.05000   -0.13732   -0.01895   -0.01300
 1207 12.06000   -0.13840   -0.02757   -0.01424
 1208 12.07000   -0.13949   -0.03578   -0.01544
 1209 12.08000   -0.14055   -0.04358   -0.01659
 1210 12.09000   -0.14160   -0.05100   -0.01770
 1211 12.10000   -0.14260   -0.05804   -0.01876
 1212 12.11000   -0.14355   -0.06472   -0.01977
 1213 12.12000   -0.14445   -0.07106   -0.02074
 1214 12.13000   -0.14527   -0.07707   -0.02166
 1215 12.14000   -0.14603   -0.08276   -0.02254
 1216 12.15000   -0.14671   -0.08815   -0.02337
 1217 12.16000   -0.14732   -0.09325   -0.02416
 1218 12.17000   -0.14784   -0.09808   -0.02490
 1219 12.18000   -0.14827   -0.10266   -0.02560
 1220 12.19000   -0.14862   -0.10698   -0.02626
 1221 12.20000   -0.14889   -0.11108   -0.02687
 1222 12.21000   -0.14907   -0.11495   -0.02745
 1223 12.22000   -0.14917   -0.11862   -0.02798
 1224 12.23000   -0.14919   -0.12209   -0.02848
 1225 12.24000   -0.14912   -0.12537   -0.02894
 1226 12.25000   -0.14897   -0.12848   -0.02936
 1227 12.26000   -0.14874   -0.13142   -0.02975
 1228 12.27000   -0.14843   -0.13420   -0.03010
 1229 12.28000   -0.14805   -0.13684   -0.03042
 1230 12.29000   -0.14760   -0.13933   -0.03071
 1231 12.30000   -0.14707   -0.14169   -0.03096
 1232 12.31000   -0.14648   -0.14393   -0.03119
 1233 12.32000   -0.14582   -0.14605   -0.03139
 1234 12.33000   -0.14510   -0.14805   -0.03156
 1235 12.34000   -0.14432   -0.14995   -0.03171
 1236 12.35000   -0.14348   -0.15175   -0.03183
 1237 12.36000   -0.14258   -0.15346   -0.03192
 1238 12.37000   -0.14163   -0.15507   -0.03200
 1239 12.38000   -0.14063   -0.15660   -0.03205
 1240 12.39000   -0.13958   -0.15806   -0.03207
 1241 12.40000   -0.13849   -0.15944   -0.03209
 1242 12.41000   -0.13735   -0.16074   -0.03208
 1243 12.42000   -0.13618   -0.16198   -0.03205
 1244 12.43000   -0.13496   -0.16316   -0.03200
 1245 12.44000   -0.13371   -0.16427   -0.03194
 1246 12.45000   -0.13243   -0.16534   -0.03186
 1247 12.46000   -0.13111   -0.16634   -0.03177
 1248 12.47000   -0.12977   -0.16730   -0.03166
 1249 12.48000   -0.12841   -0.16821   -0.03154
 1250 12.49000   -0.12701   -0.16907   -0.03141
 1251 12.50000   -0.12559   -0.16989   -0.03126
 1252 12.51000   -0.12416   -0.17066   -0.03111
 1253 12.52000   -0.12272   -0.17140   -0.03094
 1254 12.53000   -0.12126   -0.17211   -0.03077
 1255 12.54000   -0.11978   -0.17278   -0.03058
 1256 12.55000   -0.11829   -0.17341   -0.03039
 1257 12.56000   -0.11679   -0.17402   -0.03019
 1258 12.57000   -0.11529   -0.17460   -0.02999
 1259 12.58000   -0.11378   -0.17515   -0.02977
 1260 12.59000   -0.11227   -0.17567   -0.02955
 1261 12.60000   -0.11076   -0.17616   -0.02933
 1262 12.61000   -0.10924   -0.17664   -0.02910
 1263 12.62000   -0.10773   -0.17709   -0.02887
 1264 12.63000   -0.10623   -0.17752   -0.02864
 1265 12.64000   -0.10474   -0.17793   -0.02841
 1266 12.65000   -0.10325   -0.17832   -0.02817
 1267 12.66000   -0.10177   -0.17870   -0.02793
 1268 12.67000   -0.10030   -0.17905   -0.02768
 1269 12.68000   -0.09885   -0.17939   -0.02744
 1270 12.69000   -0.09741   -0.17971   -0.02720
 1271 12.70000   -0.09599   -0.18002   -0.02695
 1272 12.71000   -0.09458   -0.18032   -0.02671
 1273 12.72000   -0.09320   -0.18060   -0.02647
 1274 12.73000   -0.09183   -0.18087   -0.02623
 1275 12.74000   -0.09049   -0.18113   -0.02599
 1276 12.75000   -0.08918   -0.18138   -0.02575
 1277 12.76000   -0.08790   -0.18161   -0.02552
 1278 12.77000   -0.08663   -0.18184   -0.02529
 1279 12.78000   -0.08541   -0.18206   -0.02507
 1280 12.79000   -0.08420   -0.18226   -0.02484
 1281 12.80000   -0.08304   -0.18246   -0.02463
 1282 12.81000   -0.08190   -0.18265   -0.02441
 1283 12.82000   -0.08081   -0.18283   -0.02420
 1284 12.83000   -0.07974   -0.18300   -0.02400
 1285 12.84000   -0.07872   -0.18317   -0.02380
 1286 12.85000   -0.07774   -0.18333   -0.02361
 1287 12.86000   -0.07680   -0.18348   -0.02343
 1288 12.87000   -0.07590   -0.18363   -0.02325
 1289 12.88000   -0.07505   -0.18377   -0.02308
 1290 12.89000   -0.07424   -0.18390   -0.02291
 1291 12.90000   -0.07348   -0.18403   -0.02276
 1292 12.91000   -0.07276   -0.18415   -0.02261
 1293 12.92000   -0.07210   -0.18427   -0.02247
 1294 12.93000   -0.07149   -0.18438   -0.02234
 1295 12.94000   -0.07093   -0.18449   -0.02222
 1296 12.95000   -0.07043   -0.18460   -0.02211
 1297 12.96000   -0.06998   -0.18470   -0.02201
 1298 12.97000   -0.06959   -0.18479   -0.02192
 1299 12.98000   -0.06925   -0.18488   -0.02183
 1300 12.99000   -0.06897   -0.18497   -0.02176
 1301 13.00000   -0.06875   -0.18505   -0.02170
 1302 13.01000   -0.06860   -0.18513   -0.02165
 1303 13.02000   -0.06851   -0.18520   -0.02161
 1304 13.03000   -0.06847   -0.18527   -0.02158
 1305 13.04000   -0.06849   -0.18534   -0.02156
 1306 13.05000   -0.06857   -0.18540   -0.02155
 1307 13.06000   -0.06870   -0.18546   -0.02155
 1308 13.07000   -0.06888   -0.18552   -0.02156
 1309 13.08000   -0.06912   -0.18558   -0.02157
 1310 13.09000   -0.06941   -0.18562   -0.02159
 1311 13.10000   -0.06975   -0.18567   -0.02163
 1312 13.11000   -0.07014   -0.18571   -0.02167
 1313 13.12000   -0.07059   -0.18575   -0.02173
 1314 13.13000   -0.07107   -0.18578   -0.02178
 1315 13.14000   -0.07161   -0.18581   -0.02185
 1316 13.15000   -0.07219   -0.18584   -0.02193
 1317 13.16000   -0.07281   -0.18586   -0.02201
 1318 13.17000   -0.07349   -0.18588   -0.02210
 1319 13.18000   -0.07419   -0.18590   -0.02219
 1320 13.19000   -0.07495   -0.18591   -0.02230
 1321 13.20000   -0.07574   -0.18591   -0.02241
 1322 13.21000   -0.07658   -0.18591   -0.02252
 1323 13.22000   -0.07744   -0.18591   -0.02264
 1324 13.23000   -0.07835   -0.18590   -0.02278
 1325 13.24000   -0.07929   -0.18588   -0.02291
 1326 13.25000   -0.08027   -0.18586   -0.02305
 1327 13.26000   -0.08128   -0.18584   -0.02320
 1328 13.27000   -0.08232   -0.18581   -0.02334
 1329 13.28000   -0.08340   -0.18577   -0.02350
 1330 13.29000   -0.08450   -0.18573   -0.02366
 1331 13.30000   -0.08563   -0.18567   -0.02382
 1332 13.31000   -0.08679   -0.18562   -0.02399
 1333 13.32000   -0.08797   -0.18556   -0.02417
 1334 13.33000   -0.08918   -0.18548   -0.02434
 1335 13.34000   -0.09040   -0.18540   -0.02452
 1336 13.35000   -0.09166   -0.18532   -0.02470
 1337 13.36000   -0.09294   -0.18522   -0.02489
 1338 13.37000   -0.09423   -0.18512   -0.02507
 1339 13.38000   -0.09554   -0.18501   -0.02526
 1340 13.39000   -0.09687   -0.18488   -0.02546
 1341 13.40000   -0.09822   -0.18475   -0.02565
 1342 13.41000   -0.09957   -0.18461   -0.02584
 1343 13.42000   -0.10094   -0.18446   -0.02604
 1344 13.43000   -0.10232   -0.18429   -0.02623
 1345 13.44000   -0.10371   -0.18411   -0.02642
 1346 13.45000   -0.10512   -0.18392   -0.02662
 1347 13.46000   -0.10653   -0.18372   -0.02682
 1348 13.47000   -0.10794   -0.18351   -0.02701
 1349 13.48000   -0.10936   -0.18327   -0.02721
 1350 13.49000   -0.11078   -0.18303   -0.02740
 1351 13.50000   -0.11220   -0.18277   -0.02759
 1352 13.51000   -0.11362   -0.18249   -0.02777
 1353 13.52000   -0.11505   -0.18219   -0.02796
 1354 13.53000   -0.11647   -0.18188   -0.02815
 1355 13.54000   -0.11788   -0.18154   -0.02833
 1356 13.55000   -0.11929   -0.18119   -0.02850
 1357 13.56000   -0.12069   -0.18081   -0.02867
 1358 13.57000   -0.12208   -0.18041   -0.02884
 1359 13.58000   -0.12346   -0.17999   -0.02900
 1360 13.59000   -0.12483   -0.17954   -0.02916
 1361 13.60000   -0.12618   -0.17906   -0.02931
 1362 13.61000   -0.12752   -0.17856   -0.02945
 1363 13.62000   -0.12884   -0.17803   -0.02959
 1364 13.63000   -0.13015   -0.17746   -0.02973
 1365 13.64000   -0.13144   -0.17687   -0.02985
 1366 13.65000   -0.13270   -0.17624   -0.02997
 1367 13.66000   -0.13393   -0.17557   -0.03007
 1368 13.67000   -0.13514   -0.17487   -0.03017
 1369 13.68000   -0.13633   -0.17412   -0.03026
 1370 13.69000   -0.13748   -0.17333   -0.03034
 1371 13.70000   -0.13860   -0.17250   -0.03040
 1372 13.71000   -0.13970   -0.17162   -0.03046
 1373 13.72000   -0.14075   -0.17069   -0.03051
 1374 13.73000   -0.14177   -0.16971   -0.03054
 1375 13.74000   -0.14276   -0.16867   -0.03056
 1376 13.75000   -0.14370   -0.16758   -0.03056
 1377 13.76000   -0.14461   -0.16642   -0.03055
 1378 13.77000   -0.14547   -0.16519   -0.03053
 1379 13.78000   -0.14628   -0.16390   -0.03049
 1380 13.79000   -0.14705   -0.16254   -0.03044
 1381 13.80000   -0.14777   -0.16109   -0.03037
 1382 13.81000   -0.14844   -0.15957   -0.03028
 1383 13.82000   -0.14907   -0.15796   -0.03018
 1384 13.83000   -0.14963   -0.15625   -0.03005
 1385 13.84000   -0.15015   -0.15445   -0.02991
 1386 13.85000   -0.15060   -0.15255   -0.02974
 1387 13.86000   -0.15100   -0.15054   -0.02956
 1388 13.87000   -0.15135   -0.14842   -0.02936
 1389 13.88000   -0.15164   -0.14617   -0.02913
 1390 13.89000   -0.15186   -0.14380   -0.02888
 1391 13.90000   -0.15201   -0.14129   -0.02860
 1392 13.91000   -0.15211   -0.13863   -0.02830
 1393 13.92000   -0.15214   -0.13583   -0.02797
 1394 13.93000   -0.15210   -0.13286   -0.02761
 1395 13.94000   -0.15200   -0.12972   -0.02723
 1396 13.95000   -0.15184   -0.12641   -0.02682
 1397 13.96000   -0.15161   -0.12290   -0.02638
 1398 13.97000   -0.15131   -0.11919   -0.02590
 1399 13.98000   -0.15096   -0.11526   -0.02539
 1400 13.99000   -0.15054   -0.11111   -0.02485
 1401 14.00000   -0.15006   -0.10672   -0.02427
 1402 14.01000   -0.14924   -0.10197   -0.02364
 1403 14.02000   -0.14829   -0.09715   -0.02296
 1404 14.03000   -0.14733   -0.09241   -0.02229
 1405 14.04000   -0.14642   -0.08782   -0.02164
 1406 14.05000   -0.14558   -0.08339   -0.02101
 1407 14.06000   -0.14480   -0.07914   -0.02041
 1408 14.07000   -0.14409   -0.07505   -0.01983
 1409 14.08000   -0.14343   -0.07112   -0.01927
 1410 14.09000   -0.14284   -0.06736   -0.01874
 1411 14.10000   -0.14229   -0.06376   -0.01823
 1412 14.11000   -0.14179   -0.06030   -0.01775
 1413 14.12000   -0.14133   -0.05699   -0.01728
 1414 14.13000   -0.14092   -0.05382   -0.01684
 1415 14.14000   -0.14054   -0.05078   -0.01641
 1416 14.15000   -0.14019   -0.04788   -0.01601
 1417 14.16000   -0.13988   -0.04509   -0.01562
 1418 14.17000   -0.13959   -0.04243   -0.01524
 1419 14.18000   -0.13933   -0.03989   -0.01489
 1420 14.19000   -0.13909   -0.03745   -0.01455
 1421 14.20000   -0.13887   -0.03512   -0.01422
 1422 14.21000   -0.13867   -0.03289   -0.01391
 1423 14.22000   -0.13849   -0.03076   -0.01362
 1424 14.23000   -0.13832   -0.02872   -0.01333
 1425 14.24000   -0.13817   -0.02677   -0.01306
 1426 14.25000   -0.13804   -0.02491   -0.01280
 1427 14.26000   -0.13791   -0.02313   -0.01255
 1428 14.27000   -0.13780   -0.02142   -0.01232
 1429 14.28000   -0.13769   -0.01980   -0.01209
 1430 14.29000   -0.13760   -0.01824   -0.01187
 1431 14.30000   -0.13752   -0.01675   -0.01167
 1432 14.31000   -0.13744   -0.01533   -0.01147
 1433 14.32000   -0.13737   -0.01398   -0.01128
 1434 14.33000   -0.13730   -0.01268   -0.01110
 1435 14.34000   -0.13724   -0.01144   -0.01093
 1436 14.35000   -0.13719   -0.01025   -0.01076
 1437 14.36000   -0.13714   -0.00912   -0.01060
 1438 14.37000   -0.13710   -0.00804   -0.01045
 1439 14.38000   -0.13706   -0.00700   -0.01031
 1440 14.39000   -0.13702   -0.00602   -0.01017
 1441 14.40000   -0.13699   -0.00507   -0.01004
 1442 14.41000   -0.13696   -0.00417   -0.00992
 1443 14.42000   -0.13694   -0.00331   -0.00980
 1444 14.43000   -0.13691   -0.00249   -0.00968
 1445 14.44000   -0.13689   -0.00170   -0.00957
 1446 14.45000   -0.13687   -0.00095   -0.00947
 1447 14.46000   -0.13685   -0.00023   -0.00937
 1448 14.47000   -0.13684    0.00046   -0.00927
 1449 14.48000   -0.13682    0.00111   -0.00918
 1450 14.49000   -0.13681    0.00174   -0.00909
 1451 14.50000   -0.13680    0.00234   -0.00901
 1452 14.51000   -0.13678    0.00291   -0.00893
 1453 14.52000   -0.13677    0.00345   -0.00886
 1454 14.53000   -0.13677    0.00397   -0.00878
 1455 14.54000   -0.13676    0.00447   -0.00871
 1456 14.55000   -0.13675    0.00495   -0.00865
 1457 14.56000   -0.13674    0.00540   -0.00858
 1458 14.57000   -0.13674    0.00584   -0.00852
 1459 14.58000   -0.13673    0.00625   -0.00847
 1460 14.59000   -0.13673    0.00665   -0.00841
 1461 14.60000   -0.13672    0.00703   -0.00836
 1462 14.61000   -0.13672    0.00739   -0.00831
 1463 14.62000   -0.13672    0.00774   -0.00826
 1464 14.63000   -0.13671    0.00807   -0.00821
 1465 14.64000   -0.13671    0.00838   -0.00817
 1466 14.65000   -0.13671    0.00868   -0.00813
 1467 14.66000   -0.13671    0.00897   -0.00809
 1468 14.67000   -0.13671    0.00925   -0.00805
 1469 14.68000   -0.13670    0.00951   -0.00801
 1470 14.69000   -0.13670    0.00976   -0.00798
 1471 14.70000   -0.13670    0.01000   -0.00794
 1472 14.71000   -0.13670    0.01023   -0.00791
 1473 14.72000   -0.13670    0.01045   -0.00788
 1474 14.73000   -0.13670    0.01066   -0.00785
 1475 14.74000   -0.13670    0.01086   -0.00782
 1476 14.75000   -0.13670    0.01105   -0.00780
 1477 14.76000   -0.13670    0.01123   -0.00777
 1478 14.77000   -0.13670    0.01140   -0.00775
 1479 14.78000   -0.13670    0.01157   -0.00773
 1480 14.79000   -0.13670    0.01173   -0.00770
 1481 14.80000   -0.13670    0.01188   -0.00768
 1482 14.81000   -0.13670    0.01203   -0.00766
 1483 14.82000   -0.13670    0.01217   -0.00764
 1484 14.83000   -0.13670    0.01230   -0.00762
 1485 14.84000   -0.13670    0.01242   -0.00761
 1486 14.85000   -0.13670    0.01255   -0.00759
 1487 14.86000   -0.13670    0.01266   -0.00757
 1488 14.87000   -0.13670    0.01277   -0.00756
 1489 14.88000   -0.13670    0.01288   -0.00754
 1490 14.89000   -0.13670    0.01298   -0.00753
 1491 14.90000   -0.13670    0.01307   -0.00752
 1492 14.91000   -0.13670    0.01317   -0.00750
 1493 14.92000   -0.13670    0.01325   -0.00749
 1494 14.93000   -0.13670    0.01334   -0.00748
 1495 14.94000   -0.13670    0.01342   -0.00747
 1496 14.95000   -0.13670    0.01349   -0.00746
 1497 14.96000   -0.13670    0.01357   -0.00745
 1498 14.97000   -0.13670    0.01364   -0.00744
 1499 14.98000   -0.13670    0.01370   -0.00743
 1500 14.99000   -0.13670    0.01377   -0.00742
 1501 15.00000   -0.13670    0.01383   -0.00741
 1502 15.01000   -0.13670    0.01389   -0.00740
 1503 15.02000   -0.13670    0.01394   -0.00739
 1504 15.03000   -0.13670    0.01399   -0.00739
 1505 15.04000   -0.13670    0.01405   -0.00738
 1506 15.05000   -0.13670    0.01409   -0.00737
 1507 15.06000   -0.13670    0.01414   -0.00737
 1508 15.07000   -0.13670    0.01418   -0.00736
 1509 15.08000   -0.13670    0.01423   -0.00736
 1510 15.09000   -0.13670    0.01427   -0.00735
 1511 15.10000   -0.13670    0.01431   -0.00734
 1512 15.11000   -0.13670    0.01434   -0.00734
 1513 15.12000   -0.13670    0.01438   -0.00733
 1514 15.13000   -0.13670    0.01441   -0.00733
 1515 15.14000   -0.13670    0.01444   -0.00732
 1516 15.15000   -0.13670    0.01447   -0.00732
 1517 15.16000   -0.13670    0.01450   -0.00732
 1518 15.17000   -0.13670    0.01453   -0.00731
 1519 15.18000   -0.13670    0.01456   -0.00731
 1520 15.19000   -0.13670    0.01458   -0.00731
 1521 15.20000   -0.13670    0.01461   -0.00730
 1522 15.21000   -0.13670    0.01463   -0.00730
 1523 15.22000   -0.13670    0.01465   -0.00730
 1524 15.23000   -0.13670    0.01468   -0.00729
 1525 15.24000   -0.13670    0.01470   -0.00729
 1526 15.25000   -0.13670    0.01471   -0.00729
 1527 15.26000   -0.13670    0.01473   -0.00728
 1528 15.27000   -0.13670    0.01475   -0.00728
 1529 15.28000   -0.13670    0.01477   -0.00728
 1530 15.29000   -0.13670    0.01478   -0.00728
 1531 15.30000   -0.13670    0.01480   -0.00728
 1532 15.31000   -0.13670    0.01481   -0.00727
 1533 15.32000   -0.13670    0.01483   -0.00727
 1534 15.33000   -0.13670    0.01484   -0.00727
 1535 15.34000   -0.13670    0.01485   -0.00727
 1536 15.35000   -0.13670    0.01487   -0.00727
 1537 15.36000   -0.13670    0.01488   -0.00726
 1538 15.37000   -0.13670    0.01489   -0.00726
 1539 15.38000   -0.13670    0.01490   -0.00726
 1540 15.39000   -0.13670    0.01491   -0.00726
 1541 15.40000   -0.13670    0.01492   -0.00726
 1542 15.41000   -0.13670    0.01493   -0.00726
 1543 15.42000   -0.13670    0.01494   -0.00726
 1544 15.43000   -0.13670    0.01495   -0.00725
 1545 15.44000   -0.13670    0.01496   -0.00725
 1546 15.45000   -0.13670    0.01496   -0.00725
 1547 15.46000   -0.13670    0.01497   -0.00725
 1548 15.47000   -0.13670    0.01498   -0.00725
 1549 15.48000   -0.13670    0.01498   -0.00725
 1550 15.49000   -0.13670    0.01498   -0.00725
 1551 15.50000   -0.13670    0.01498   -0.00725
 1552 15.51000   -0.13670    0.01498   -0.00725
 1553 15.52000   -0.13670    0.01498   -0.00725
 1554 15.53000   -0.13670    0.01498   -0.00725
 1555 15.54000   -0.13670    0.01498   -0.00725
 1556 15.55000   -0.13670    0.01498   -0.00725
 1557 15.56000   -0.13670    0.01498   -0.00725
 1558 15.57000   -0.13670    0.01498   -0.00725
 1559 15.58000   -0.13670    0.01498   -0.00725
 1560 15.59000   -0.13670    0.01498   -0.00725
 1561 15.60000   -0.13670    0.01498   -0.00725
 1562 15.61000   -0.13670    0.01498   -0.00725
 1563 15.62000   -0.13670    0.01498   -0.00725
 1564 15.63000   -0.13670    0.01498   -0.00725
 1565 15.64000   -0.13670    0.01498   -0.00725
 1566 15.65000   -0.13670    0.01498   -0.00725
 1567 15.66000   -0.13670    0.01498   -0.00725
 1568 15.67000   -0.13670    0.01498   -0.00725
 1569 15.68000   -0.13670    0.01498   -0.00725
 1570 15.69000   -0.13670    0.01498   -0.00725
 1571 15.70000   -0.13670    0.01498   -0.00725
 1572 15.71000   -0.13670    0.01498   -0.00725
 1573 15.72000   -0.13670    0.01498   -0.00725
 1574 15.73000   -0.13670    0.01498   -0.00725
 1575 15.74000   -0.13670    0.01498   -0.00725
 1576 15.75000   -0.13670    0.01498   -0.00725
 1577 15.76000   -0.13670    0.01498   -0.00725
 1578 15.77000   -0.13670    0.01498   -0.00725
 1579 15.78000   -0.13670    0.01498   -0.00725
 1580 15.79000   -0.13670    0.01498   -0.00725
 1581 15.80000   -0.13670    0.01498   -0.00725
 1582 15.81000   -0.13670    0.01498   -0.00725
 1583 15.82000   -0.13670    0.01498   -0.00725
 1584 15.83000   -0.13670    0.01498   -0.00725
 1585 15.84000   -0.13670    0.01498   -0.00725
 1586 15.85000   -0.13670    0.01498   -0.00725
 1587 15.86000   -0.13670    0.01498   -0.00725
 1588 15.87000   -0.13670    0.01498   -0.00725
 1589 15.88000   -0.13670    0.01498   -0.00725
 1590 15.89000   -0.13670    0.01498   -0.00725
 1591 15.90000   -0.13670    0.01498   -0.00725
 1592 15.91000   -0.13670    0.01498   -0.00725
 1593 15.92000   -0.13670    0.01498   -0.00725
 1594 15.93000   -0.13670    0.01498   -0.00725
 1595 15.94000   -0.13670    0.01498   -0.00725
 1596 15.95000   -0.13670    0.01498   -0.00725
 1597 15.96000   -0.13670    0.01498   -0.00725
 1598 15.97000   -0.13670    0.01498   -0.00725
 1599 15.98000   -0.13670    0.01498   -0.00725
 1600 15.99000   -0.13670    0.01498   -0.00725
 1601 16.00000   -0.13670    0.01498   -0.00725
